0.5870967741935484429660618843627162277698516845703125000
0.6275862068965517570617862475046422332525253295898437500
0.5387096774193548265330377944337669759988784790039062500
0.4466666666666667118157363347563659772276878356933593750
0.5451612903225806494589278372586704790592193603515625000
0.4066666666666666762885995467513566836714744567871093750
0.3838709677419355204008866166986990720033645629882812500
0.3000000000000000444089209850062616169452667236328125000
0.4900000000000000466293670342565746977925300598144531250
0.4161290322580645240080343683075625449419021606445312500
0.6733333333333333392545227980008348822593688964843750000
0.6032258064516129447696357601671479642391204833984375000
0.6483870967741935942285635974258184432983398437500000000
0.6785714285714286031492292750044725835323333740234375000
0.5870967741935484429660618843627162277698516845703125000
0.5266666666666667273588586795085575431585311889648437500
0.5354838709677419705812440042791422456502914428710937500
0.2700000000000000177635683940025046467781066894531250000
0.4225806451612903469339244111324660480022430419921875000
0.3387096774193548709419587794400285929441452026367187500
0.4333333333333333481363069950020872056484222412109375000
0.4741935483870968193187422912160400301218032836914062500
0.6433333333333334236314726695127319544553756713867187500
0.6967741935483870996392852248391136527061462402343750000
0.6516129032258065612026598500960972160100936889648437500
0.5642857142857143903924566075147595256567001342773437500
0.6129032258064516236473195931466761976480484008789062500
0.4666666666666667295793047287588706240057945251464843750
0.4387096774193548487374982869368977844715118408203125000
0.3933333333333333126091702069970779120922088623046875000
0.5483870967741935054107216274132952094078063964843750000
0.4322580645161290258116082441119942814111709594726562500
0.4099999999999999755750934582465561106801033020019531250
0.4451612903225806161522370985039742663502693176269531250
0.5666666666666667628859954675135668367147445678710937500
0.5870967741935484429660618843627162277698516845703125000
0.6516129032258065612026598500960972160100936889648437500
0.6000000000000000888178419700125232338905334472656250000
0.5064516129032258229258900428249035030603408813476562500
0.5799999999999999600319711134943645447492599487304687500
0.5548387096774194393589141327538527548313140869140625000
0.4200000000000000399680288865056354552507400512695312500
0.4838709677419354981964261241955682635307312011718750000
0.3580645161290322842084776766569120809435844421386718750
0.3766666666666667051543981870054267346858978271484375000
0.6032258064516129447696357601671479642391204833984375000
0.6500000000000000222044604925031308084726333618164062500
0.3903225806451613433267766595236025750637054443359375000
0.4677419354838709963928522483911365270614624023437500000
0.5586206896551724199184718600008636713027954101562500000
0.3193548387096774021642886509653180837631225585937500000
0.5200000000000000177635683940025046467781066894531250000
0.5451612903225806494589278372586704790592193603515625000
0.5400000000000000355271367880050092935562133789062500000
0.3677419354838709630861615096364403143525123596191406250
0.4580645161290323175151684154116082936525344848632812500
0.4633333333333333747816595860058441758155822753906250000
0.5903225806451612989178556745173409581184387207031250000
0.6466666666666667229179665810079313814640045166015625000
0.6870967741935484207616013918595854192972183227539062500
0.4774193548387097307816873126284917816519737243652343750
0.6000000000000000888178419700125232338905334472656250000
0.5322580645161290036071477516088634729385375976562500000
0.6033333333333333881043358815077226608991622924804687500
0.4451612903225806161522370985039742663502693176269531250
0.5333333333333333259318465024989563971757888793945312500
0.3548387096774193727455326552444603294134140014648437500
0.5032258064516129669740962526702787727117538452148437500
0.5166666666666667184770744825073052197694778442382812500
0.6451612903225806272544673447555396705865859985351562500
0.5866666666666666696272613990004174411296844482421875000
0.6000000000000000888178419700125232338905334472656250000
0.4806451612903226422446323340409435331821441650390625000
0.3571428571428572062984585500089451670646667480468750000
0.3516129032258064612825876338320085778832435607910156250
0.4000000000000000222044604925031308084726333618164062500
0.4129032258064516125450893468951107934117317199707031250
0.4866666666666666363205706602457212284207344055175781250
0.4903225806451613211223161670204717665910720825195312500
0.5645161290322581182365979657333809882402420043945312500
0.5533333333333333436954148965014610439538955688476562500
0.6129032258064516236473195931466761976480484008789062500
0.5500000000000000444089209850062616169452667236328125000
0.7000000000000000666133814775093924254179000854492187500
0.5096774193548386788776838329795282334089279174804687500
0.6678571428571429269283044050098396837711334228515625000
0.5193548387096774687776701284747105091810226440429687500
0.5100000000000000088817841970012523233890533447265625000
0.4612903225806452289781134368240600451827049255371093750
0.4766666666666666829499376945022959262132644653320312500
0.4774193548387097307816873126284917816519737243652343750
0.3451612903225806938678488222649320960044860839843750000
0.4533333333333333658998753890045918524265289306640625000
0.5612903225806452622848041755787562578916549682617187500
0.6033333333333333881043358815077226608991622924804687500
0.6354838709677419483767835117760114371776580810546875000
0.5387096774193548265330377944337669759988784790039062500
0.4448275862068965524898089825001079589128494262695312500
0.4612903225806452289781134368240600451827049255371093750
0.5599999999999999422684027194918598979711532592773437500
0.3580645161290322842084776766569120809435844421386718750
0.6333333333333333037273860099958255887031555175781250000
0.4096774193548387010821443254826590418815612792968750000
0.3612903225806451956714226980693638324737548828125000000
0.3266666666666666607454772019991651177406311035156250000
0.6838709677419355648098076017049606889486312866210937500
0.6000000000000000888178419700125232338905334472656250000
0.6354838709677419483767835117760114371776580810546875000
0.3258064516129032806013299250480486080050468444824218750
0.4571428571428571285828468262479873374104499816894531250
0.4967741935483871440482062098453752696514129638671875000
0.3333333333333333703407674875052180141210556030273437500
0.4774193548387097307816873126284917816519737243652343750
0.3466666666666666785090455960016697645187377929687500000
0.4258064516129032028857182012870907783508300781250000000
0.4032258064516129336674055139155825600028038024902343750
0.4066666666666666762885995467513566836714744567871093750
0.5161290322580645018035738758044317364692687988281250000
0.6866666666666666474228009064972866326570510864257812500
0.6387096774193548043285773019306361675262451171875000000
0.6548387096774194171544536402507219463586807250976562500
0.6000000000000000888178419700125232338905334472656250000
0.4225806451612903469339244111324660480022430419921875000
0.3933333333333333126091702069970779120922088623046875000
0.4258064516129032028857182012870907783508300781250000000
0.6200000000000001065814103640150278806686401367187500000
0.3677419354838709630861615096364403143525123596191406250
0.3903225806451613433267766595236025750637054443359375000
0.2433333333333333181602853301228606142103672027587890625
0.4419354838709677046892920770915225148200988769531250000
0.6500000000000000222044604925031308084726333618164062500
0.6322580645161290924249897216213867068290710449218750000
0.4483870967741935276151821199164260178804397583007812500
0.4250000000000000444089209850062616169452667236328125000
0.5419354838709676824848315845883917063474655151367187500
0.3466666666666666785090455960016697645187377929687500000
0.5612903225806452622848041755787562578916549682617187500
0.3700000000000000510702591327572008594870567321777343750
0.3129032258064516347495498393982416018843650817871093750
0.3451612903225806938678488222649320960044860839843750000
0.5066666666666667095952902855060528963804244995117187500
0.5709677419354839411624880085582844913005828857421875000
0.5833333333333333703407674875052180141210556030273437500
0.6387096774193548043285773019306361675262451171875000000
0.5580645161290322953107079229084774851799011230468750000
0.5413793103448275578770676474960055202245712280273437500
0.5322580645161290036071477516088634729385375976562500000
0.4666666666666667295793047287588706240057945251464843750
0.4225806451612903469339244111324660480022430419921875000
0.4366666666666666474228009064972866326570510864257812500
0.5290322580645161476553539614542387425899505615234375000
0.4548387096774194060522233939991565421223640441894531250
0.3900000000000000133226762955018784850835800170898437500
0.5161290322580645018035738758044317364692687988281250000
0.5366666666666666252183404139941558241844177246093750000
0.5838709677419354759919656316924374550580978393554687500
0.5612903225806452622848041755787562578916549682617187500
0.6285714285714285587403082899982109665870666503906250000
0.5483870967741935054107216274132952094078063964843750000
0.4799999999999999822364316059974953532218933105468750000
0.3677419354838709630861615096364403143525123596191406250
0.4166666666666667406815349750104360282421112060546875000
0.4290322580645161143486632226995425298810005187988281250
0.4870967741935484096593711456080200150609016418457031250
0.5700000000000000621724893790087662637233734130859375000
0.5806451612903226200401718415378127247095108032226562500
0.6533333333333333214909544039983302354812622070312500000
0.6645161290322580960321374732302501797676086425781250000
0.6129032258064516236473195931466761976480484008789062500
0.3392857142857143015746146375022362917661666870117187500
0.3645161290322580516232164882239885628223419189453125000
0.4333333333333333481363069950020872056484222412109375000
0.3000000000000000444089209850062616169452667236328125000
0.4766666666666666829499376945022959262132644653320312500
0.4000000000000000222044604925031308084726333618164062500
0.4129032258064516125450893468951107934117317199707031250
0.4166666666666667406815349750104360282421112060546875000
0.4387096774193548487374982869368977844715118408203125000
0.6700000000000000399680288865056354552507400512695312500
0.4387096774193548487374982869368977844715118408203125000
0.5516129032258064723848178800835739821195602416992187500
0.3214285714285714523619219562533544376492500305175781250
0.4838709677419354981964261241955682635307312011718750000
0.5266666666666667273588586795085575431585311889648437500
0.3967741935483871107415154710906790569424629211425781250
0.4666666666666667295793047287588706240057945251464843750
0.5354838709677419705812440042791422456502914428710937500
0.4193548387096774354709793897200142964720726013183593750
0.2966666666666666896112758422532351687550544738769531250
0.4645161290322581404410584582365117967128753662109375000
0.5733333333333333614589832905039656907320022583007812500
0.6096774193548387676955258029920514672994613647460937500
0.5903225806451612989178556745173409581184387207031250000
0.6103448275862070060426844975154381245374679565429687500
0.3677419354838709630861615096364403143525123596191406250
0.4299999999999999933386618522490607574582099914550781250
0.4774193548387097307816873126284917816519737243652343750
0.5366666666666666252183404139941558241844177246093750000
0.3580645161290322842084776766569120809435844421386718750
0.2354838709677419539278986349017941392958164215087890625
0.4066666666666666762885995467513566836714744567871093750
0.5774193548387097640883780513831879943609237670898437500
0.6233333333333334058679042755102273076772689819335937500
0.4741935483870968193187422912160400301218032836914062500
0.5741935483870967971142817987129092216491699218750000000
0.5178571428571429047238439125067088752985000610351562500
0.4161290322580645240080343683075625449419021606445312500
0.2399999999999999911182158029987476766109466552734375000
0.5129032258064516458517800856498070061206817626953125000
0.4066666666666666762885995467513566836714744567871093750
0.4129032258064516125450893468951107934117317199707031250
0.2870967741935483985571408993564546108245849609375000000
0.4000000000000000222044604925031308084726333618164062500
0.4032258064516129336674055139155825600028038024902343750
0.6666666666666667406815349750104360282421112060546875000
0.5709677419354839411624880085582844913005828857421875000
0.4516129032258064945892783725867047905921936035156250000
0.4714285714285714745663824487564852461218833923339843750
0.4000000000000000222044604925031308084726333618164062500
0.2933333333333333348136306995002087205648422241210937500
0.4483870967741935276151821199164260178804397583007812500
0.5033333333333332992864939114951994270086288452148437500
0.3645161290322580516232164882239885628223419189453125000
0.3967741935483871107415154710906790569424629211425781250
0.4500000000000000111022302462515654042363166809082031250
0.5258064516129031806812577087839599698781967163085937500
0.6066666666666666873908297930029220879077911376953125000
0.5774193548387097640883780513831879943609237670898437500
0.6225806451612903025250034261262044310569763183593750000
0.4642857142857143570857658687600633129477500915527343750
0.5290322580645161476553539614542387425899505615234375000
0.4266666666666666940521679407538613304495811462402343750
0.4612903225806452289781134368240600451827049255371093750
0.4400000000000000577315972805081401020288467407226562500
0.3870967741935484318638316381111508235335350036621093750
0.2935483870967742214830309421813581138849258422851562500
0.2233333333333333559078681673781829886138439178466796875
0.5322580645161290036071477516088634729385375976562500000
0.6099999999999999866773237044981215149164199829101562500
0.6580645161290323841285498929210007190704345703125000000
0.5548387096774194393589141327538527548313140869140625000
0.5172413793103448620414042125048581510782241821289062500
0.4161290322580645240080343683075625449419021606445312500
0.5866666666666666696272613990004174411296844482421875000
0.5451612903225806494589278372586704790592193603515625000
0.4900000000000000466293670342565746977925300598144531250
0.3967741935483871107415154710906790569424629211425781250
0.5161290322580645018035738758044317364692687988281250000
0.4833333333333333370340767487505218014121055603027343750
0.5000000000000000000000000000000000000000000000000000000
0.6000000000000000888178419700125232338905334472656250000
0.6161290322580645906214158458169549703598022460937500000
0.6580645161290323841285498929210007190704345703125000000
0.5642857142857143903924566075147595256567001342773437500
0.5870967741935484429660618843627162277698516845703125000
0.4733333333333333836634437830070964992046356201171875000
0.5387096774193548265330377944337669759988784790039062500
0.3500000000000000333066907387546962127089500427246093750
0.5225806451612903247294639186293352395296096801757812500
0.4129032258064516125450893468951107934117317199707031250
0.4599999999999999644728632119949907064437866210937500000
0.5935483870967742658919519271876197308301925659179687500
0.5200000000000000177635683940025046467781066894531250000
0.6903225806451613877356976445298641920089721679687500000
0.6580645161290323841285498929210007190704345703125000000
0.6321428571428571174806165799964219331741333007812500000
0.4580645161290323175151684154116082936525344848632812500
0.5200000000000000177635683940025046467781066894531250000
0.5129032258064516458517800856498070061206817626953125000
0.4733333333333333836634437830070964992046356201171875000
0.4709677419354839078557972698035882785916328430175781250
0.2387096774193548653908436563142458908259868621826171875
0.3166666666666666518636930049979127943515777587890625000
0.5709677419354839411624880085582844913005828857421875000
0.5400000000000000355271367880050092935562133789062500000
0.5967741935483871218437457173422444611787796020507812500
0.5935483870967742658919519271876197308301925659179687500
0.4714285714285714745663824487564852461218833923339843750
0.3709677419354838745491065310488920658826828002929687500
0.6099999999999999866773237044981215149164199829101562500
0.5451612903225806494589278372586704790592193603515625000
0.4166666666666667406815349750104360282421112060546875000
0.4677419354838709963928522483911365270614624023437500000
0.3677419354838709630861615096364403143525123596191406250
0.4966666666666667007135060885048005729913711547851562500
0.2290322580645161587575842077058041468262672424316406250
0.5366666666666666252183404139941558241844177246093750000
0.6064516129032258007214295503217726945877075195312500000
0.7000000000000000666133814775093924254179000854492187500
0.5535714285714286031492292750044725835323333740234375000
0.5161290322580645018035738758044317364692687988281250000
0.4400000000000000577315972805081401020288467407226562500
0.5193548387096774687776701284747105091810226440429687500
0.4500000000000000111022302462515654042363166809082031250
0.3354838709677419594790137580275768414139747619628906250
0.4096774193548387010821443254826590418815612792968750000
0.2966666666666666896112758422532351687550544738769531250
0.4419354838709677046892920770915225148200988769531250000
0.6200000000000001065814103640150278806686401367187500000
0.6258064516129032694990996787964832037687301635742187500
0.3677419354838709630861615096364403143525123596191406250
0.4964285714285714412596917100017890334129333496093750000
0.5354838709677419705812440042791422456502914428710937500
0.4900000000000000466293670342565746977925300598144531250
0.3580645161290322842084776766569120809435844421386718750
0.5066666666666667095952902855060528963804244995117187500
0.4290322580645161143486632226995425298810005187988281250
0.3838709677419355204008866166986990720033645629882812500
0.3833333333333333592385372412536526098847389221191406250
0.5064516129032258229258900428249035030603408813476562500
0.5133333333333334191905805710121057927608489990234375000
0.5967741935483871218437457173422444611787796020507812500
0.6548387096774194171544536402507219463586807250976562500
0.5642857142857143903924566075147595256567001342773437500
0.4322580645161290258116082441119942814111709594726562500
0.4366666666666666474228009064972866326570510864257812500
0.5225806451612903247294639186293352395296096801757812500
0.4900000000000000466293670342565746977925300598144531250
0.4483870967741935276151821199164260178804397583007812500
0.3967741935483871107415154710906790569424629211425781250
0.3366666666666666696272613990004174411296844482421875000
0.6000000000000000888178419700125232338905334472656250000
0.4433333333333333570180911920033395290374755859375000000
0.5193548387096774687776701284747105091810226440429687500
0.3548387096774193727455326552444603294134140014648437500
0.4642857142857143570857658687600633129477500915527343750
0.4516129032258064945892783725867047905921936035156250000
0.5166666666666667184770744825073052197694778442382812500
0.3612903225806451956714226980693638324737548828125000000
0.4666666666666667295793047287588706240057945251464843750
0.4580645161290323175151684154116082936525344848632812500
0.3580645161290322842084776766569120809435844421386718750
0.3733333333333333503567530442524002864956855773925781250
0.4580645161290323175151684154116082936525344848632812500
0.7000000000000000666133814775093924254179000854492187500
0.6774193548387097418839175588800571858882904052734375000
0.7096774193548387454910653104889206588268280029296875000
0.6379310344827586742866287750075571238994598388671875000
0.5258064516129031806812577087839599698781967163085937500
0.5133333333333334191905805710121057927608489990234375000
0.4161290322580645240080343683075625449419021606445312500
0.3566666666666666873908297930029220879077911376953125000
0.2387096774193548653908436563142458908259868621826171875
0.3612903225806451956714226980693638324737548828125000000
0.5599999999999999422684027194918598979711532592773437500
0.6322580645161290924249897216213867068290710449218750000
0.5566666666666666429819088079966604709625244140625000000
0.5548387096774194393589141327538527548313140869140625000
0.4645161290322581404410584582365117967128753662109375000
0.5928571428571428603149229275004472583532333374023437500
0.5258064516129031806812577087839599698781967163085937500
0.5033333333333332992864939114951994270086288452148437500
0.4258064516129032028857182012870907783508300781250000000
0.3233333333333333614589832905039656907320022583007812500
0.3193548387096774021642886509653180837631225585937500000
0.3870967741935484318638316381111508235335350036621093750
0.4799999999999999822364316059974953532218933105468750000
0.6064516129032258007214295503217726945877075195312500000
0.6533333333333333214909544039983302354812622070312500000
0.5451612903225806494589278372586704790592193603515625000
0.5322580645161290036071477516088634729385375976562500000
0.5571428571428571618895375650026835501194000244140625000
0.5000000000000000000000000000000000000000000000000000000
0.3700000000000000510702591327572008594870567321777343750
0.4387096774193548487374982869368977844715118408203125000
0.5766666666666666607454772019991651177406311035156250000
0.4387096774193548487374982869368977844715118408203125000
0.3677419354838709630861615096364403143525123596191406250
0.5266666666666667273588586795085575431585311889648437500
0.4774193548387097307816873126284917816519737243652343750
0.5533333333333333436954148965014610439538955688476562500
0.6064516129032258007214295503217726945877075195312500000
0.6322580645161290924249897216213867068290710449218750000
0.6107142857142857650387668400071561336517333984375000000
0.4903225806451613211223161670204717665910720825195312500
0.5233333333333333170500623054977040737867355346679687500
0.3225806451612903136272336723777698352932929992675781250
0.4000000000000000222044604925031308084726333618164062500
0.4709677419354839078557972698035882785916328430175781250
0.3290322580645161920642749464605003595352172851562500000
0.2899999999999999800159855567471822723746299743652343750
0.4645161290322581404410584582365117967128753662109375000
0.5433333333333333348136306995002087205648422241210937500
0.6258064516129032694990996787964832037687301635742187500
0.4451612903225806161522370985039742663502693176269531250
0.6137931034482759784509653400164097547531127929687500000
0.3903225806451613433267766595236025750637054443359375000
0.5366666666666666252183404139941558241844177246093750000
0.4161290322580645240080343683075625449419021606445312500
0.3200000000000000621724893790087662637233734130859375000
0.4129032258064516125450893468951107934117317199707031250
0.4580645161290323175151684154116082936525344848632812500
0.3733333333333333503567530442524002864956855773925781250
0.2354838709677419539278986349017941392958164215087890625
0.5433333333333333348136306995002087205648422241210937500
0.6645161290322580960321374732302501797676086425781250000
0.4580645161290323175151684154116082936525344848632812500
0.5357142857142856984253853624977637082338333129882812500
0.4354838709677419372745532655244460329413414001464843750
0.3933333333333333126091702069970779120922088623046875000
0.4096774193548387010821443254826590418815612792968750000
0.4599999999999999644728632119949907064437866210937500000
0.4677419354838709963928522483911365270614624023437500000
0.4419354838709677046892920770915225148200988769531250000
0.3800000000000000044408920985006261616945266723632812500
0.6322580645161290924249897216213867068290710449218750000
0.6633333333333334413950410635152366012334823608398437500
0.6161290322580645906214158458169549703598022460937500000
0.6354838709677419483767835117760114371776580810546875000
0.5250000000000000222044604925031308084726333618164062500
0.4096774193548387010821443254826590418815612792968750000
0.4099999999999999755750934582465561106801033020019531250
0.3870967741935484318638316381111508235335350036621093750
0.4299999999999999933386618522490607574582099914550781250
0.4645161290322581404410584582365117967128753662109375000
0.3935483870967741992785704496782273054122924804687500000
0.5066666666666667095952902855060528963804244995117187500
0.3967741935483871107415154710906790569424629211425781250
0.6066666666666666873908297930029220879077911376953125000
0.6193548387096774465732096359715797007083892822265625000
0.6032258064516129447696357601671479642391204833984375000
0.5250000000000000222044604925031308084726333618164062500
0.3903225806451613433267766595236025750637054443359375000
0.4599999999999999644728632119949907064437866210937500000
0.4064516129032258451303505353280343115329742431640625000
0.3966666666666667229179665810079313814640045166015625000
0.2612903225806451623647319593146676197648048400878906250
0.3258064516129032806013299250480486080050468444824218750
0.4133333333333333858838898322574095800518989562988281250
0.3838709677419355204008866166986990720033645629882812500
0.5599999999999999422684027194918598979711532592773437500
0.6580645161290323841285498929210007190704345703125000000
0.5451612903225806494589278372586704790592193603515625000
0.5758620689655172819598760725057218223810195922851562500
0.4935483870967742325852611884329235181212425231933593750
0.4799999999999999822364316059974953532218933105468750000
0.4451612903225806161522370985039742663502693176269531250
0.4833333333333333370340767487505218014121055603027343750
0.3129032258064516347495498393982416018843650817871093750
0.5290322580645161476553539614542387425899505615234375000
0.6833333333333333481363069950020872056484222412109375000
0.6387096774193548043285773019306361675262451171875000000
0.6633333333333334413950410635152366012334823608398437500
0.5645161290322581182365979657333809882402420043945312500
0.6161290322580645906214158458169549703598022460937500000
0.3678571428571428825193834200035780668258666992187500000
0.4161290322580645240080343683075625449419021606445312500
0.4733333333333333836634437830070964992046356201171875000
0.4129032258064516125450893468951107934117317199707031250
0.5166666666666667184770744825073052197694778442382812500
0.5612903225806452622848041755787562578916549682617187500
0.4741935483870968193187422912160400301218032836914062500
0.4200000000000000399680288865056354552507400512695312500
0.5322580645161290036071477516088634729385375976562500000
0.6733333333333333392545227980008348822593688964843750000
0.6354838709677419483767835117760114371776580810546875000
0.5000000000000000000000000000000000000000000000000000000
0.5392857142857143681879961150116287171840667724609375000
0.5290322580645161476553539614542387425899505615234375000
0.2866666666666666807294916452519828453660011291503906250
0.5225806451612903247294639186293352395296096801757812500
0.3900000000000000133226762955018784850835800170898437500
0.4419354838709677046892920770915225148200988769531250000
0.2870967741935483985571408993564546108245849609375000000
0.3866666666666667140361823840066790580749511718750000000
0.5709677419354839411624880085582844913005828857421875000
0.6133333333333333969861200785089749842882156372070312500
0.6548387096774194171544536402507219463586807250976562500
0.6161290322580645906214158458169549703598022460937500000
0.5928571428571428603149229275004472583532333374023437500
0.5838709677419354759919656316924374550580978393554687500
0.4299999999999999933386618522490607574582099914550781250
0.3870967741935484318638316381111508235335350036621093750
0.3533333333333333325931846502498956397175788879394531250
0.4225806451612903469339244111324660480022430419921875000
0.4967741935483871440482062098453752696514129638671875000
0.4099999999999999755750934582465561106801033020019531250
0.6193548387096774465732096359715797007083892822265625000
0.5933333333333333792225516845064703375101089477539062500
0.6806451612903225978357113490346819162368774414062500000
0.6322580645161290924249897216213867068290710449218750000
0.5896551724137930605706969799939543008804321289062500000
0.5161290322580645018035738758044317364692687988281250000
0.4666666666666667295793047287588706240057945251464843750
0.3645161290322580516232164882239885628223419189453125000
0.5133333333333334191905805710121057927608489990234375000
0.4612903225806452289781134368240600451827049255371093750
0.4483870967741935276151821199164260178804397583007812500
0.4900000000000000466293670342565746977925300598144531250
0.4516129032258064945892783725867047905921936035156250000
0.6466666666666667229179665810079313814640045166015625000
0.5838709677419354759919656316924374550580978393554687500
0.5774193548387097640883780513831879943609237670898437500
0.4321428571428571618895375650026835501194000244140625000
0.5548387096774194393589141327538527548313140869140625000
0.5400000000000000355271367880050092935562133789062500000
0.2193548387096774243687491434684488922357559204101562500
0.2600000000000000088817841970012523233890533447265625000
0.3935483870967741992785704496782273054122924804687500000
0.3870967741935484318638316381111508235335350036621093750
0.2566666666666667095952902855060528963804244995117187500
0.5032258064516129669740962526702787727117538452148437500
0.6166666666666666962726139900041744112968444824218750000
0.6935483870967742436874914346844889223575592041015625000
0.6193548387096774465732096359715797007083892822265625000
0.5464285714285714856686126950080506503582000732421875000
0.4032258064516129336674055139155825600028038024902343750
0.4766666666666666829499376945022959262132644653320312500
0.3645161290322580516232164882239885628223419189453125000
0.5700000000000000621724893790087662637233734130859375000
0.4709677419354839078557972698035882785916328430175781250
0.5193548387096774687776701284747105091810226440429687500
0.5300000000000000266453525910037569701671600341796875000
0.5741935483870967971142817987129092216491699218750000000
0.6266666666666667051543981870054267346858978271484375000
0.7161290322580645684169553533138241618871688842773437500
0.6580645161290323841285498929210007190704345703125000000
0.5678571428571429491327648975129704922437667846679687500
0.5451612903225806494589278372586704790592193603515625000
0.5266666666666667273588586795085575431585311889648437500
0.4645161290322581404410584582365117967128753662109375000
0.4766666666666666829499376945022959262132644653320312500
0.5580645161290322953107079229084774851799011230468750000
0.3516129032258064612825876338320085778832435607910156250
0.2700000000000000177635683940025046467781066894531250000
0.5935483870967742658919519271876197308301925659179687500
0.6600000000000000310862446895043831318616867065429687500
0.7580645161290323619240894004178699105978012084960937500
0.7032258064516129225651752676640171557664871215820312500
0.4206896551724138011429943162511335685849189758300781250
0.4419354838709677046892920770915225148200988769531250000
0.4566666666666666651863693004997912794351577758789062500
0.4258064516129032028857182012870907783508300781250000000
0.5799999999999999600319711134943645447492599487304687500
0.4000000000000000222044604925031308084726333618164062500
0.5064516129032258229258900428249035030603408813476562500
0.4666666666666667295793047287588706240057945251464843750
0.2645161290322580738276769807271193712949752807617187500
0.6033333333333333881043358815077226608991622924804687500
0.7096774193548387454910653104889206588268280029296875000
0.6645161290322580960321374732302501797676086425781250000
0.4535714285714285698425385362497763708233833312988281250
0.2129032258064516014428591006435453891754150390625000000
0.5066666666666667095952902855060528963804244995117187500
0.3000000000000000444089209850062616169452667236328125000
0.4766666666666666829499376945022959262132644653320312500
0.2935483870967742214830309421813581138849258422851562500
0.3225806451612903136272336723777698352932929992675781250
0.2899999999999999800159855567471822723746299743652343750
0.3451612903225806938678488222649320960044860839843750000
0.6233333333333334058679042755102273076772689819335937500
0.5709677419354839411624880085582844913005828857421875000
0.6290322580645161254508934689511079341173171997070312500
0.5214285714285714634641522025049198418855667114257812500
0.4838709677419354981964261241955682635307312011718750000
0.5466666666666667451224270735110621899366378784179687500
0.3709677419354838745491065310488920658826828002929687500
0.4433333333333333570180911920033395290374755859375000000
0.4225806451612903469339244111324660480022430419921875000
0.4322580645161290258116082441119942814111709594726562500
0.6233333333333334058679042755102273076772689819335937500
0.7000000000000000666133814775093924254179000854492187500
0.6833333333333333481363069950020872056484222412109375000
0.6451612903225806272544673447555396705865859985351562500
0.7387096774193548931464192719431594014167785644531250000
0.6178571428571428825193834200035780668258666992187500000
0.4483870967741935276151821199164260178804397583007812500
0.4366666666666666474228009064972866326570510864257812500
0.3774193548387096974749965738737955689430236816406250000
0.5766666666666666607454772019991651177406311035156250000
0.3806451612903226089379415952862473204731941223144531250
0.3000000000000000444089209850062616169452667236328125000
0.3933333333333333126091702069970779120922088623046875000
0.5516129032258064723848178800835739821195602416992187500
0.6900000000000000577315972805081401020288467407226562500
0.7645161290322581848499794432427734136581420898437500000
0.5806451612903226200401718415378127247095108032226562500
0.6379310344827586742866287750075571238994598388671875000
0.4225806451612903469339244111324660480022430419921875000
0.5733333333333333614589832905039656907320022583007812500
0.4387096774193548487374982869368977844715118408203125000
0.5233333333333333170500623054977040737867355346679687500
0.4903225806451613211223161670204717665910720825195312500
0.5419354838709676824848315845883917063474655151367187500
0.3733333333333333503567530442524002864956855773925781250
0.4096774193548387010821443254826590418815612792968750000
0.5766666666666666607454772019991651177406311035156250000
0.6967741935483870996392852248391136527061462402343750000
0.6032258064516129447696357601671479642391204833984375000
0.4107142857142856984253853624977637082338333129882812500
0.5419354838709676824848315845883917063474655151367187500
0.4166666666666667406815349750104360282421112060546875000
0.4064516129032258451303505353280343115329742431640625000
0.5033333333333332992864939114951994270086288452148437500
0.4741935483870968193187422912160400301218032836914062500
0.5193548387096774687776701284747105091810226440429687500
0.5700000000000000621724893790087662637233734130859375000
0.5419354838709676824848315845883917063474655151367187500
0.6900000000000000577315972805081401020288467407226562500
0.6258064516129032694990996787964832037687301635742187500
0.6129032258064516236473195931466761976480484008789062500
0.6464285714285714634641522025049198418855667114257812500
0.5387096774193548265330377944337669759988784790039062500
0.3533333333333333325931846502498956397175788879394531250
0.5290322580645161476553539614542387425899505615234375000
0.6000000000000000888178419700125232338905334472656250000
0.6161290322580645906214158458169549703598022460937500000
0.2935483870967742214830309421813581138849258422851562500
0.3833333333333333592385372412536526098847389221191406250
0.4483870967741935276151821199164260178804397583007812500
0.5966666666666666785090455960016697645187377929687500000
0.7258064516129032472946391862933523952960968017578125000
0.6838709677419355648098076017049606889486312866210937500
0.3750000000000000000000000000000000000000000000000000000
0.3580645161290322842084776766569120809435844421386718750
0.5933333333333333792225516845064703375101089477539062500
0.3612903225806451956714226980693638324737548828125000000
0.3800000000000000044408920985006261616945266723632812500
0.3645161290322580516232164882239885628223419189453125000
0.4774193548387097307816873126284917816519737243652343750
0.4033333333333333214909544039983302354812622070312500000
0.4612903225806452289781134368240600451827049255371093750
0.6466666666666667229179665810079313814640045166015625000
0.5677419354838709741883917558880057185888290405273437500
0.6161290322580645906214158458169549703598022460937500000
0.4448275862068965524898089825001079589128494262695312500
0.4612903225806452289781134368240600451827049255371093750
0.4400000000000000577315972805081401020288467407226562500
0.4129032258064516125450893468951107934117317199707031250
0.3833333333333333592385372412536526098847389221191406250
0.1838709677419354815430807548182201571762561798095703125
0.4290322580645161143486632226995425298810005187988281250
0.4266666666666666940521679407538613304495811462402343750
0.5000000000000000000000000000000000000000000000000000000
0.6800000000000000488498130835068877786397933959960937500
0.7064516129032258895392715203342959284782409667968750000
0.5483870967741935054107216274132952094078063964843750000
0.4071428571428571396850770724995527416467666625976562500
0.4193548387096774354709793897200142964720726013183593750
0.4833333333333333370340767487505218014121055603027343750
0.4677419354838709963928522483911365270614624023437500000
0.4633333333333333747816595860058441758155822753906250000
0.3161290322580645462124948608106933534145355224609375000
0.4032258064516129336674055139155825600028038024902343750
0.2299999999999999822364316059974953532218933105468750000
0.4419354838709677046892920770915225148200988769531250000
0.5533333333333333436954148965014610439538955688476562500
0.5903225806451612989178556745173409581184387207031250000
0.6870967741935484207616013918595854192972183227539062500
0.3214285714285714523619219562533544376492500305175781250
0.5290322580645161476553539614542387425899505615234375000
0.5233333333333333170500623054977040737867355346679687500
0.4548387096774194060522233939991565421223640441894531250
0.2100000000000000199840144432528177276253700256347656250
0.4225806451612903469339244111324660480022430419921875000
0.4064516129032258451303505353280343115329742431640625000
0.4666666666666667295793047287588706240057945251464843750
0.6000000000000000888178419700125232338905334472656250000
0.5500000000000000444089209850062616169452667236328125000
0.6354838709677419483767835117760114371776580810546875000
0.6677419354838710630062337259005289524793624877929687500
0.5571428571428571618895375650026835501194000244140625000
0.2806451612903226311424020877893781289458274841308593750
0.4299999999999999933386618522490607574582099914550781250
0.2516129032258064834870481263351393863558769226074218750
0.3700000000000000510702591327572008594870567321777343750
0.3645161290322580516232164882239885628223419189453125000
0.5580645161290322953107079229084774851799011230468750000
0.5400000000000000355271367880050092935562133789062500000
0.3903225806451613433267766595236025750637054443359375000
0.5866666666666666696272613990004174411296844482421875000
0.5935483870967742658919519271876197308301925659179687500
0.6516129032258065612026598500960972160100936889648437500
0.4620689655172414145312131950049661099910736083984375000
0.4032258064516129336674055139155825600028038024902343750
0.4266666666666666940521679407538613304495811462402343750
0.4451612903225806161522370985039742663502693176269531250
0.3966666666666667229179665810079313814640045166015625000
0.4419354838709677046892920770915225148200988769531250000
0.2935483870967742214830309421813581138849258422851562500
0.3366666666666666696272613990004174411296844482421875000
0.4903225806451613211223161670204717665910720825195312500
0.6400000000000001243449787580175325274467468261718750000
0.7645161290322581848499794432427734136581420898437500000
0.6935483870967742436874914346844889223575592041015625000
0.5285714285714285809447687825013417750597000122070312500
0.3354838709677419594790137580275768414139747619628906250
0.5766666666666666607454772019991651177406311035156250000
0.5903225806451612989178556745173409581184387207031250000
0.5433333333333333348136306995002087205648422241210937500
0.4483870967741935276151821199164260178804397583007812500
0.3677419354838709630861615096364403143525123596191406250
0.3566666666666666873908297930029220879077911376953125000
0.4225806451612903469339244111324660480022430419921875000
0.6000000000000000888178419700125232338905334472656250000
0.5935483870967742658919519271876197308301925659179687500
0.6645161290322580960321374732302501797676086425781250000
0.3714285714285714412596917100017890334129333496093750000
0.4354838709677419372745532655244460329413414001464843750
0.2333333333333333647896523643794353120028972625732421875
0.3516129032258064612825876338320085778832435607910156250
0.4733333333333333836634437830070964992046356201171875000
0.3483870967741935498196426124195568263530731201171875000
0.4419354838709677046892920770915225148200988769531250000
0.2966666666666666896112758422532351687550544738769531250
0.5903225806451612989178556745173409581184387207031250000
0.4599999999999999644728632119949907064437866210937500000
0.7612903225806452178758831905724946409463882446289062500
0.6096774193548387676955258029920514672994613647460937500
0.5214285714285714634641522025049198418855667114257812500
0.3709677419354838745491065310488920658826828002929687500
0.5433333333333333348136306995002087205648422241210937500
0.3806451612903226089379415952862473204731941223144531250
0.2533333333333333547976451427530264481902122497558593750
0.3322580645161290480160687366151250898838043212890625000
0.3419354838709677824049038008524803444743156433105468750
0.3466666666666666785090455960016697645187377929687500000
0.6161290322580645906214158458169549703598022460937500000
0.6733333333333333392545227980008348822593688964843750000
0.6677419354838710630062337259005289524793624877929687500
0.5580645161290322953107079229084774851799011230468750000
0.5310344827586207516745275825087446719408035278320312500
0.3774193548387096974749965738737955689430236816406250000
0.4033333333333333214909544039983302354812622070312500000
0.4967741935483871440482062098453752696514129638671875000
0.3933333333333333126091702069970779120922088623046875000
0.4870967741935484096593711456080200150609016418457031250
0.3032258064516129003607147751608863472938537597656250000
0.4000000000000000222044604925031308084726333618164062500
0.6258064516129032694990996787964832037687301635742187500
0.6266666666666667051543981870054267346858978271484375000
0.6161290322580645906214158458169549703598022460937500000
0.5193548387096774687776701284747105091810226440429687500
0.5964285714285714190552312174986582249402999877929687500
0.5354838709677419705812440042791422456502914428710937500
0.5700000000000000621724893790087662637233734130859375000
0.2741935483870967527053608137066476047039031982421875000
0.3266666666666666607454772019991651177406311035156250000
0.4161290322580645240080343683075625449419021606445312500
0.4258064516129032028857182012870907783508300781250000000
0.4200000000000000399680288865056354552507400512695312500
0.4967741935483871440482062098453752696514129638671875000
0.6333333333333333037273860099958255887031555175781250000
0.6064516129032258007214295503217726945877075195312500000
0.6387096774193548043285773019306361675262451171875000000
0.4464285714285714523619219562533544376492500305175781250
0.3032258064516129003607147751608863472938537597656250000
0.5333333333333333259318465024989563971757888793945312500
0.3645161290322580516232164882239885628223419189453125000
0.3633333333333333414749688472511479631066322326660156250
0.4387096774193548487374982869368977844715118408203125000
0.4645161290322581404410584582365117967128753662109375000
0.2966666666666666896112758422532351687550544738769531250
0.4548387096774194060522233939991565421223640441894531250
0.6266666666666667051543981870054267346858978271484375000
0.6000000000000000888178419700125232338905334472656250000
0.5677419354838709741883917558880057185888290405273437500
0.3678571428571428825193834200035780668258666992187500000
0.4741935483870968193187422912160400301218032836914062500
0.2799999999999999711342013597459299489855766296386718750
0.5935483870967742658919519271876197308301925659179687500
0.3466666666666666785090455960016697645187377929687500000
0.3225806451612903136272336723777698352932929992675781250
0.2677419354838709852906220021395711228251457214355468750
0.4033333333333333214909544039983302354812622070312500000
0.6096774193548387676955258029920514672994613647460937500
0.6666666666666667406815349750104360282421112060546875000
0.6258064516129032694990996787964832037687301635742187500
0.5677419354838709741883917558880057185888290405273437500
0.5241379310344828068579658975068014115095138549804687500
0.4580645161290323175151684154116082936525344848632812500
0.4299999999999999933386618522490607574582099914550781250
0.4709677419354839078557972698035882785916328430175781250
0.3833333333333333592385372412536526098847389221191406250
0.4161290322580645240080343683075625449419021606445312500
0.4516129032258064945892783725867047905921936035156250000
0.4566666666666666651863693004997912794351577758789062500
0.5354838709677419705812440042791422456502914428710937500
0.5200000000000000177635683940025046467781066894531250000
0.5258064516129031806812577087839599698781967163085937500
0.6225806451612903025250034261262044310569763183593750000
0.4821428571428571507873073187511181458830833435058593750
0.4258064516129032028857182012870907783508300781250000000
0.5733333333333333614589832905039656907320022583007812500
0.4193548387096774354709793897200142964720726013183593750
0.3666666666666666962726139900041744112968444824218750000
0.4032258064516129336674055139155825600028038024902343750
0.4387096774193548487374982869368977844715118408203125000
0.3633333333333333414749688472511479631066322326660156250
0.5645161290322581182365979657333809882402420043945312500
0.5700000000000000621724893790087662637233734130859375000
0.6419354838709677713026735546009149402379989624023437500
0.6032258064516129447696357601671479642391204833984375000
0.6678571428571429269283044050098396837711334228515625000
0.4354838709677419372745532655244460329413414001464843750
0.5300000000000000266453525910037569701671600341796875000
0.4225806451612903469339244111324660480022430419921875000
0.3866666666666667140361823840066790580749511718750000000
0.4129032258064516125450893468951107934117317199707031250
0.2870967741935483985571408993564546108245849609375000000
0.2866666666666666807294916452519828453660011291503906250
0.4225806451612903469339244111324660480022430419921875000
0.6433333333333334236314726695127319544553756713867187500
0.5967741935483871218437457173422444611787796020507812500
0.6193548387096774465732096359715797007083892822265625000
0.3571428571428572062984585500089451670646667480468750000
0.2387096774193548653908436563142458908259868621826171875
0.4133333333333333858838898322574095800518989562988281250
0.4064516129032258451303505353280343115329742431640625000
0.4733333333333333836634437830070964992046356201171875000
0.3548387096774193727455326552444603294134140014648437500
0.3322580645161290480160687366151250898838043212890625000
0.4799999999999999822364316059974953532218933105468750000
0.4516129032258064945892783725867047905921936035156250000
0.6666666666666667406815349750104360282421112060546875000
0.7451612903225806050500068522524088621139526367187500000
0.6451612903225806272544673447555396705865859985351562500
0.5896551724137930605706969799939543008804321289062500000
0.7290322580645161032464329764479771256446838378906250000
0.4533333333333333658998753890045918524265289306640625000
0.5000000000000000000000000000000000000000000000000000000
0.4466666666666667118157363347563659772276878356933593750
0.3935483870967741992785704496782273054122924804687500000
0.2032258064516129225651752676640171557664871215820312500
0.3833333333333333592385372412536526098847389221191406250
0.4258064516129032028857182012870907783508300781250000000
0.6066666666666666873908297930029220879077911376953125000
0.5870967741935484429660618843627162277698516845703125000
0.6258064516129032694990996787964832037687301635742187500
0.4785714285714285920469990287529071792960166931152343750
0.4548387096774194060522233939991565421223640441894531250
0.4266666666666666940521679407538613304495811462402343750
0.2612903225806451623647319593146676197648048400878906250
0.3200000000000000621724893790087662637233734130859375000
0.2967741935483871329459759635938098654150962829589843750
0.3290322580645161920642749464605003595352172851562500000
0.4200000000000000399680288865056354552507400512695312500
0.3838709677419355204008866166986990720033645629882812500
0.5799999999999999600319711134943645447492599487304687500
0.6387096774193548043285773019306361675262451171875000000
0.4709677419354839078557972698035882785916328430175781250
0.6785714285714286031492292750044725835323333740234375000
0.3838709677419355204008866166986990720033645629882812500
0.1833333333333333481363069950020872056484222412109375000
0.3225806451612903136272336723777698352932929992675781250
0.4166666666666667406815349750104360282421112060546875000
0.3290322580645161920642749464605003595352172851562500000
0.3419354838709677824049038008524803444743156433105468750
0.3000000000000000444089209850062616169452667236328125000
0.5032258064516129669740962526702787727117538452148437500
0.6300000000000000044408920985006261616945266723632812500
0.5838709677419354759919656316924374550580978393554687500
0.5645161290322581182365979657333809882402420043945312500
0.6250000000000000000000000000000000000000000000000000000
0.5645161290322581182365979657333809882402420043945312500
0.4133333333333333858838898322574095800518989562988281250
0.4096774193548387010821443254826590418815612792968750000
0.4299999999999999933386618522490607574582099914550781250
0.3741935483870967860120515524613438174128532409667968750
0.3451612903225806938678488222649320960044860839843750000
0.2533333333333333547976451427530264481902122497558593750
0.3354838709677419594790137580275768414139747619628906250
0.6366666666666667140361823840066790580749511718750000000
0.6774193548387097418839175588800571858882904052734375000
0.6129032258064516236473195931466761976480484008789062500
0.5275862068965516682439442774921189993619918823242187500
0.3806451612903226089379415952862473204731941223144531250
0.4266666666666666940521679407538613304495811462402343750
0.3483870967741935498196426124195568263530731201171875000
0.4966666666666667007135060885048005729913711547851562500
0.4741935483870968193187422912160400301218032836914062500
0.4516129032258064945892783725867047905921936035156250000
0.3600000000000000421884749357559485360980033874511718750
0.5193548387096774687776701284747105091810226440429687500
0.6000000000000000888178419700125232338905334472656250000
0.6290322580645161254508934689511079341173171997070312500
0.5709677419354839411624880085582844913005828857421875000
0.3964285714285714634641522025049198418855667114257812500
0.4000000000000000222044604925031308084726333618164062500
0.4299999999999999933386618522490607574582099914550781250
0.4774193548387097307816873126284917816519737243652343750
0.4733333333333333836634437830070964992046356201171875000
0.3516129032258064612825876338320085778832435607910156250
0.3709677419354838745491065310488920658826828002929687500
0.3233333333333333614589832905039656907320022583007812500
0.4225806451612903469339244111324660480022430419921875000
0.6466666666666667229179665810079313814640045166015625000
0.5709677419354839411624880085582844913005828857421875000
0.5645161290322581182365979657333809882402420043945312500
0.5285714285714285809447687825013417750597000122070312500
0.4354838709677419372745532655244460329413414001464843750
0.4866666666666666363205706602457212284207344055175781250
0.3741935483870967860120515524613438174128532409667968750
0.3200000000000000621724893790087662637233734130859375000
0.3580645161290322842084776766569120809435844421386718750
0.3451612903225806938678488222649320960044860839843750000
0.4733333333333333836634437830070964992046356201171875000
0.4774193548387097307816873126284917816519737243652343750
0.6500000000000000222044604925031308084726333618164062500
0.6870967741935484207616013918595854192972183227539062500
0.6483870967741935942285635974258184432983398437500000000
0.6357142857142856762209248699946328997611999511718750000
0.6354838709677419483767835117760114371776580810546875000
0.4233333333333333392545227980008348822593688964843750000
0.4935483870967742325852611884329235181212425231933593750
0.4433333333333333570180911920033395290374755859375000000
0.4032258064516129336674055139155825600028038024902343750
0.3774193548387096974749965738737955689430236816406250000
0.4833333333333333370340767487505218014121055603027343750
0.2903225806451613100200859207689063623547554016113281250
0.6300000000000000044408920985006261616945266723632812500
0.6741935483870968859321237687254324555397033691406250000
0.6193548387096774465732096359715797007083892822265625000
0.7655172413793103203261125599965453147888183593750000000
0.5806451612903226200401718415378127247095108032226562500
0.4066666666666666762885995467513566836714744567871093750
0.6064516129032258007214295503217726945877075195312500000
0.4400000000000000577315972805081401020288467407226562500
0.3451612903225806938678488222649320960044860839843750000
0.3709677419354838745491065310488920658826828002929687500
0.5433333333333333348136306995002087205648422241210937500
0.5677419354838709741883917558880057185888290405273437500
0.6800000000000000488498130835068877786397933959960937500
0.7000000000000000666133814775093924254179000854492187500
0.6774193548387097418839175588800571858882904052734375000
0.5678571428571429491327648975129704922437667846679687500
0.2903225806451613100200859207689063623547554016113281250
0.3400000000000000244249065417534438893198966979980468750
0.4322580645161290258116082441119942814111709594726562500
0.5300000000000000266453525910037569701671600341796875000
0.4354838709677419372745532655244460329413414001464843750
0.3354838709677419594790137580275768414139747619628906250
0.3966666666666667229179665810079313814640045166015625000
0.3129032258064516347495498393982416018843650817871093750
0.4866666666666666363205706602457212284207344055175781250
0.7193548387096774243687491434684488922357559204101562500
0.5290322580645161476553539614542387425899505615234375000
0.5071428571428571174806165799964219331741333007812500000
0.4258064516129032028857182012870907783508300781250000000
0.5900000000000000799360577730112709105014801025390625000
0.5032258064516129669740962526702787727117538452148437500
0.5066666666666667095952902855060528963804244995117187500
0.5677419354838709741883917558880057185888290405273437500
0.4032258064516129336674055139155825600028038024902343750
0.4299999999999999933386618522490607574582099914550781250
0.4580645161290323175151684154116082936525344848632812500
0.6200000000000001065814103640150278806686401367187500000
0.7225806451612903913428453961387276649475097656250000000
0.6354838709677419483767835117760114371776580810546875000
0.6535714285714285809447687825013417750597000122070312500
0.5225806451612903247294639186293352395296096801757812500
0.5266666666666667273588586795085575431585311889648437500
0.4774193548387097307816873126284917816519737243652343750
0.5500000000000000444089209850062616169452667236328125000
0.5483870967741935054107216274132952094078063964843750000
0.4903225806451613211223161670204717665910720825195312500
0.4233333333333333392545227980008348822593688964843750000
0.5193548387096774687776701284747105091810226440429687500
0.6733333333333333392545227980008348822593688964843750000
0.6290322580645161254508934689511079341173171997070312500
0.4806451612903226422446323340409435331821441650390625000
0.5206896551724138344496850550058297812938690185546875000
0.4838709677419354981964261241955682635307312011718750000
0.5166666666666667184770744825073052197694778442382812500
0.4354838709677419372745532655244460329413414001464843750
0.6000000000000000888178419700125232338905334472656250000
0.4225806451612903469339244111324660480022430419921875000
0.4580645161290323175151684154116082936525344848632812500
0.2666666666666666629659232512494781985878944396972656250
0.5322580645161290036071477516088634729385375976562500000
0.7099999999999999644728632119949907064437866210937500000
0.6548387096774194171544536402507219463586807250976562500
0.5774193548387097640883780513831879943609237670898437500
0.6071428571428572062984585500089451670646667480468750000
0.3903225806451613433267766595236025750637054443359375000
0.4866666666666666363205706602457212284207344055175781250
0.4741935483870968193187422912160400301218032836914062500
0.3733333333333333503567530442524002864956855773925781250
0.4645161290322581404410584582365117967128753662109375000
0.4387096774193548487374982869368977844715118408203125000
0.5200000000000000177635683940025046467781066894531250000
0.4225806451612903469339244111324660480022430419921875000
0.6500000000000000222044604925031308084726333618164062500
0.6645161290322580960321374732302501797676086425781250000
0.4709677419354839078557972698035882785916328430175781250
0.5821428571428571840939980575058143585920333862304687500
0.4419354838709677046892920770915225148200988769531250000
0.5533333333333333436954148965014610439538955688476562500
0.3870967741935484318638316381111508235335350036621093750
0.4633333333333333747816595860058441758155822753906250000
0.4032258064516129336674055139155825600028038024902343750
0.3806451612903226089379415952862473204731941223144531250
0.3466666666666666785090455960016697645187377929687500000
0.6580645161290323841285498929210007190704345703125000000
0.7600000000000000088817841970012523233890533447265625000
0.5483870967741935054107216274132952094078063964843750000
0.5322580645161290036071477516088634729385375976562500000
0.4214285714285714856686126950080506503582000732421875000
0.3677419354838709630861615096364403143525123596191406250
0.4166666666666667406815349750104360282421112060546875000
0.3741935483870967860120515524613438174128532409667968750
0.4500000000000000111022302462515654042363166809082031250
0.4935483870967742325852611884329235181212425231933593750
0.4000000000000000222044604925031308084726333618164062500
0.1800000000000000210942374678779742680490016937255859375
0.3322580645161290480160687366151250898838043212890625000
0.6166666666666666962726139900041744112968444824218750000
0.6806451612903225978357113490346819162368774414062500000
0.6387096774193548043285773019306361675262451171875000000
0.5103448275862069172248425275029148906469345092773437500
0.4709677419354839078557972698035882785916328430175781250
0.5133333333333334191905805710121057927608489990234375000
0.4741935483870968193187422912160400301218032836914062500
0.4666666666666667295793047287588706240057945251464843750
0.4741935483870968193187422912160400301218032836914062500
0.4129032258064516125450893468951107934117317199707031250
0.4500000000000000111022302462515654042363166809082031250
0.4354838709677419372745532655244460329413414001464843750
0.5666666666666667628859954675135668367147445678710937500
0.6451612903225806272544673447555396705865859985351562500
0.4483870967741935276151821199164260178804397583007812500
0.5642857142857143903924566075147595256567001342773437500
0.4193548387096774354709793897200142964720726013183593750
0.3833333333333333592385372412536526098847389221191406250
0.5290322580645161476553539614542387425899505615234375000
0.4233333333333333392545227980008348822593688964843750000
0.4612903225806452289781134368240600451827049255371093750
0.3548387096774193727455326552444603294134140014648437500
0.2633333333333333636794293397542787715792655944824218750
0.4258064516129032028857182012870907783508300781250000000
0.6133333333333333969861200785089749842882156372070312500
0.5838709677419354759919656316924374550580978393554687500
0.6064516129032258007214295503217726945877075195312500000
0.6535714285714285809447687825013417750597000122070312500
0.5290322580645161476553539614542387425899505615234375000
0.4933333333333334014270121770096011459827423095703125000
0.5580645161290322953107079229084774851799011230468750000
0.4599999999999999644728632119949907064437866210937500000
0.4612903225806452289781134368240600451827049255371093750
0.3032258064516129003607147751608863472938537597656250000
0.2966666666666666896112758422532351687550544738769531250
0.4032258064516129336674055139155825600028038024902343750
0.6566666666666667317997507780091837048530578613281250000
0.5483870967741935054107216274132952094078063964843750000
0.6387096774193548043285773019306361675262451171875000000
0.5500000000000000444089209850062616169452667236328125000
0.5387096774193548265330377944337669759988784790039062500
0.4700000000000000288657986402540700510144233703613281250
0.5161290322580645018035738758044317364692687988281250000
0.4933333333333334014270121770096011459827423095703125000
0.4290322580645161143486632226995425298810005187988281250
0.4322580645161290258116082441119942814111709594726562500
0.5133333333333334191905805710121057927608489990234375000
0.4677419354838709963928522483911365270614624023437500000
0.5433333333333333348136306995002087205648422241210937500
0.5967741935483871218437457173422444611787796020507812500
0.5387096774193548265330377944337669759988784790039062500
0.5448275862068965302853484899969771504402160644531250000
0.6548387096774194171544536402507219463586807250976562500
0.5000000000000000000000000000000000000000000000000000000
0.4419354838709677046892920770915225148200988769531250000
0.5133333333333334191905805710121057927608489990234375000
0.3612903225806451956714226980693638324737548828125000000
0.4354838709677419372745532655244460329413414001464843750
0.3500000000000000333066907387546962127089500427246093750
0.5451612903225806494589278372586704790592193603515625000
0.6600000000000000310862446895043831318616867065429687500
0.6806451612903225978357113490346819162368774414062500000
0.6322580645161290924249897216213867068290710449218750000
0.5321428571428571396850770724995527416467666625976562500
0.4838709677419354981964261241955682635307312011718750000
0.5599999999999999422684027194918598979711532592773437500
0.6000000000000000888178419700125232338905334472656250000
0.4599999999999999644728632119949907064437866210937500000
0.5225806451612903247294639186293352395296096801757812500
0.4354838709677419372745532655244460329413414001464843750
0.3966666666666667229179665810079313814640045166015625000
0.3645161290322580516232164882239885628223419189453125000
0.6500000000000000222044604925031308084726333618164062500
0.6838709677419355648098076017049606889486312866210937500
0.6032258064516129447696357601671479642391204833984375000
0.5964285714285714190552312174986582249402999877929687500
0.5451612903225806494589278372586704790592193603515625000
0.4133333333333333858838898322574095800518989562988281250
0.4580645161290323175151684154116082936525344848632812500
0.4566666666666666651863693004997912794351577758789062500
0.5258064516129031806812577087839599698781967163085937500
0.5322580645161290036071477516088634729385375976562500000
0.4400000000000000577315972805081401020288467407226562500
0.5161290322580645018035738758044317364692687988281250000
0.6099999999999999866773237044981215149164199829101562500
0.6709677419354839189580275160551536828279495239257812500
0.5838709677419354759919656316924374550580978393554687500
0.4392857142857143348813053762569325044751167297363281250
0.5483870967741935054107216274132952094078063964843750000
0.4966666666666667007135060885048005729913711547851562500
0.4225806451612903469339244111324660480022430419921875000
0.4299999999999999933386618522490607574582099914550781250
0.3967741935483871107415154710906790569424629211425781250
0.3838709677419355204008866166986990720033645629882812500
0.4433333333333333570180911920033395290374755859375000000
0.3709677419354838745491065310488920658826828002929687500
0.5799999999999999600319711134943645447492599487304687500
0.6193548387096774465732096359715797007083892822265625000
0.6419354838709677713026735546009149402379989624023437500
0.6137931034482759784509653400164097547531127929687500000
0.4193548387096774354709793897200142964720726013183593750
0.3733333333333333503567530442524002864956855773925781250
0.4774193548387097307816873126284917816519737243652343750
0.4333333333333333481363069950020872056484222412109375000
0.4354838709677419372745532655244460329413414001464843750
0.5516129032258064723848178800835739821195602416992187500
0.4733333333333333836634437830070964992046356201171875000
0.5193548387096774687776701284747105091810226440429687500
0.7266666666666666829499376945022959262132644653320312500
0.5774193548387097640883780513831879943609237670898437500
0.7322580645161290702205292291182558983564376831054687500
0.6321428571428571174806165799964219331741333007812500000
0.5387096774193548265330377944337669759988784790039062500
0.4066666666666666762885995467513566836714744567871093750
0.4129032258064516125450893468951107934117317199707031250
0.5266666666666667273588586795085575431585311889648437500
0.3225806451612903136272336723777698352932929992675781250
0.4483870967741935276151821199164260178804397583007812500
0.4000000000000000222044604925031308084726333618164062500
0.3419354838709677824049038008524803444743156433105468750
0.5166666666666667184770744825073052197694778442382812500
0.7419354838709677490982130620977841317653656005859375000
0.6258064516129032694990996787964832037687301635742187500
0.7250000000000000888178419700125232338905334472656250000
0.6064516129032258007214295503217726945877075195312500000
0.5733333333333333614589832905039656907320022583007812500
0.5709677419354839411624880085582844913005828857421875000
0.3833333333333333592385372412536526098847389221191406250
0.4612903225806452289781134368240600451827049255371093750
0.4387096774193548487374982869368977844715118408203125000
0.4033333333333333214909544039983302354812622070312500000
0.5612903225806452622848041755787562578916549682617187500
0.6566666666666667317997507780091837048530578613281250000
0.6645161290322580960321374732302501797676086425781250000
0.4709677419354839078557972698035882785916328430175781250
0.6250000000000000000000000000000000000000000000000000000
0.5354838709677419705812440042791422456502914428710937500
0.4500000000000000111022302462515654042363166809082031250
0.4612903225806452289781134368240600451827049255371093750
0.5599999999999999422684027194918598979711532592773437500
0.2419354838709677490982130620977841317653656005859375000
0.3419354838709677824049038008524803444743156433105468750
0.4633333333333333747816595860058441758155822753906250000
0.2645161290322580738276769807271193712949752807617187500
0.6300000000000000044408920985006261616945266723632812500
0.6193548387096774465732096359715797007083892822265625000
0.5806451612903226200401718415378127247095108032226562500
0.6172413793103448398369437200017273426055908203125000000
0.3322580645161290480160687366151250898838043212890625000
0.6400000000000001243449787580175325274467468261718750000
0.6096774193548387676955258029920514672994613647460937500
0.4799999999999999822364316059974953532218933105468750000
0.5129032258064516458517800856498070061206817626953125000
0.3903225806451613433267766595236025750637054443359375000
0.4599999999999999644728632119949907064437866210937500000
0.4709677419354839078557972698035882785916328430175781250
0.5966666666666666785090455960016697645187377929687500000
0.5064516129032258229258900428249035030603408813476562500
0.6483870967741935942285635974258184432983398437500000000
0.7071428571428571840939980575058143585920333862304687500
0.5064516129032258229258900428249035030603408813476562500
0.6166666666666666962726139900041744112968444824218750000
0.4354838709677419372745532655244460329413414001464843750
0.5500000000000000444089209850062616169452667236328125000
0.5064516129032258229258900428249035030603408813476562500
0.3161290322580645462124948608106933534145355224609375000
0.3566666666666666873908297930029220879077911376953125000
0.4096774193548387010821443254826590418815612792968750000
0.4900000000000000466293670342565746977925300598144531250
0.6225806451612903025250034261262044310569763183593750000
0.7161290322580645684169553533138241618871688842773437500
0.5464285714285714856686126950080506503582000732421875000
0.4967741935483871440482062098453752696514129638671875000
0.4433333333333333570180911920033395290374755859375000000
0.4838709677419354981964261241955682635307312011718750000
0.5066666666666667095952902855060528963804244995117187500
0.4806451612903226422446323340409435331821441650390625000
0.4032258064516129336674055139155825600028038024902343750
0.4033333333333333214909544039983302354812622070312500000
0.6387096774193548043285773019306361675262451171875000000
0.6400000000000001243449787580175325274467468261718750000
0.5967741935483871218437457173422444611787796020507812500
0.6258064516129032694990996787964832037687301635742187500
0.2714285714285714634641522025049198418855667114257812500
0.5806451612903226200401718415378127247095108032226562500
0.4900000000000000466293670342565746977925300598144531250
0.4645161290322581404410584582365117967128753662109375000
0.5433333333333333348136306995002087205648422241210937500
0.4258064516129032028857182012870907783508300781250000000
0.4258064516129032028857182012870907783508300781250000000
0.3500000000000000333066907387546962127089500427246093750
0.6161290322580645906214158458169549703598022460937500000
0.5700000000000000621724893790087662637233734130859375000
0.6032258064516129447696357601671479642391204833984375000
0.6129032258064516236473195931466761976480484008789062500
0.5310344827586207516745275825087446719408035278320312500
0.3741935483870967860120515524613438174128532409667968750
0.3933333333333333126091702069970779120922088623046875000
0.4032258064516129336674055139155825600028038024902343750
0.3533333333333333325931846502498956397175788879394531250
0.3967741935483871107415154710906790569424629211425781250
0.4870967741935484096593711456080200150609016418457031250
0.5500000000000000444089209850062616169452667236328125000
0.5645161290322581182365979657333809882402420043945312500
0.6800000000000000488498130835068877786397933959960937500
0.6741935483870968859321237687254324555397033691406250000
0.7258064516129032472946391862933523952960968017578125000
0.6107142857142857650387668400071561336517333984375000000
0.5193548387096774687776701284747105091810226440429687500
0.5900000000000000799360577730112709105014801025390625000
0.4387096774193548487374982869368977844715118408203125000
0.4333333333333333481363069950020872056484222412109375000
0.4193548387096774354709793897200142964720726013183593750
0.4935483870967742325852611884329235181212425231933593750
0.4833333333333333370340767487505218014121055603027343750
0.5387096774193548265330377944337669759988784790039062500
0.5900000000000000799360577730112709105014801025390625000
0.6548387096774194171544536402507219463586807250976562500
0.5806451612903226200401718415378127247095108032226562500
0.6000000000000000888178419700125232338905334472656250000
0.5387096774193548265330377944337669759988784790039062500
0.4533333333333333658998753890045918524265289306640625000
0.5451612903225806494589278372586704790592193603515625000
0.4166666666666667406815349750104360282421112060546875000
0.4225806451612903469339244111324660480022430419921875000
0.4225806451612903469339244111324660480022430419921875000
0.5000000000000000000000000000000000000000000000000000000
0.5645161290322581182365979657333809882402420043945312500
0.6833333333333333481363069950020872056484222412109375000
0.5838709677419354759919656316924374550580978393554687500
0.5096774193548386788776838329795282334089279174804687500
0.5857142857142857428343063475040253251791000366210937500
0.5516129032258064723848178800835739821195602416992187500
0.5133333333333334191905805710121057927608489990234375000
0.2709677419354838412424157922941958531737327575683593750
0.4866666666666666363205706602457212284207344055175781250
0.5709677419354839411624880085582844913005828857421875000
0.3935483870967741992785704496782273054122924804687500000
0.4066666666666666762885995467513566836714744567871093750
0.3806451612903226089379415952862473204731941223144531250
0.6733333333333333392545227980008348822593688964843750000
0.5741935483870967971142817987129092216491699218750000000
0.6290322580645161254508934689511079341173171997070312500
0.4448275862068965524898089825001079589128494262695312500
0.5419354838709676824848315845883917063474655151367187500
0.5666666666666667628859954675135668367147445678710937500
0.4096774193548387010821443254826590418815612792968750000
0.5166666666666667184770744825073052197694778442382812500
0.4774193548387097307816873126284917816519737243652343750
0.4258064516129032028857182012870907783508300781250000000
0.4166666666666667406815349750104360282421112060546875000
0.5806451612903226200401718415378127247095108032226562500
0.6000000000000000888178419700125232338905334472656250000
0.5806451612903226200401718415378127247095108032226562500
0.5645161290322581182365979657333809882402420043945312500
0.5285714285714285809447687825013417750597000122070312500
0.5806451612903226200401718415378127247095108032226562500
0.4433333333333333570180911920033395290374755859375000000
0.4870967741935484096593711456080200150609016418457031250
0.5100000000000000088817841970012523233890533447265625000
0.5903225806451612989178556745173409581184387207031250000
0.4548387096774194060522233939991565421223640441894531250
0.5066666666666667095952902855060528963804244995117187500
0.4870967741935484096593711456080200150609016418457031250
0.6433333333333334236314726695127319544553756713867187500
0.6838709677419355648098076017049606889486312866210937500
0.5903225806451612989178556745173409581184387207031250000
0.5071428571428571174806165799964219331741333007812500000
0.4612903225806452289781134368240600451827049255371093750
0.5200000000000000177635683940025046467781066894531250000
0.3161290322580645462124948608106933534145355224609375000
0.4766666666666666829499376945022959262132644653320312500
0.4516129032258064945892783725867047905921936035156250000
0.4580645161290323175151684154116082936525344848632812500
0.3600000000000000421884749357559485360980033874511718750
0.5161290322580645018035738758044317364692687988281250000
0.6633333333333334413950410635152366012334823608398437500
0.6322580645161290924249897216213867068290710449218750000
0.6193548387096774465732096359715797007083892822265625000
0.5107142857142856762209248699946328997611999511718750000
0.4612903225806452289781134368240600451827049255371093750
0.5666666666666667628859954675135668367147445678710937500
0.4354838709677419372745532655244460329413414001464843750
0.4599999999999999644728632119949907064437866210937500000
0.2548387096774193394388419164897641167044639587402343750
0.4516129032258064945892783725867047905921936035156250000
0.3766666666666667051543981870054267346858978271484375000
0.4612903225806452289781134368240600451827049255371093750
0.4766666666666666829499376945022959262132644653320312500
0.4903225806451613211223161670204717665910720825195312500
0.5935483870967742658919519271876197308301925659179687500
0.5965517241379311164095611275115516036748886108398437500
0.4064516129032258451303505353280343115329742431640625000
0.5200000000000000177635683940025046467781066894531250000
0.4903225806451613211223161670204717665910720825195312500
0.4299999999999999933386618522490607574582099914550781250
0.4677419354838709963928522483911365270614624023437500000
0.4258064516129032028857182012870907783508300781250000000
0.5733333333333333614589832905039656907320022583007812500
0.4483870967741935276151821199164260178804397583007812500
0.5733333333333333614589832905039656907320022583007812500
0.7000000000000000666133814775093924254179000854492187500
0.5677419354838709741883917558880057185888290405273437500
0.4500000000000000111022302462515654042363166809082031250
0.6451612903225806272544673447555396705865859985351562500
0.4766666666666666829499376945022959262132644653320312500
0.4903225806451613211223161670204717665910720825195312500
0.4833333333333333370340767487505218014121055603027343750
0.3354838709677419594790137580275768414139747619628906250
0.3709677419354838745491065310488920658826828002929687500
0.3533333333333333325931846502498956397175788879394531250
0.4774193548387097307816873126284917816519737243652343750
0.6733333333333333392545227980008348822593688964843750000
0.6354838709677419483767835117760114371776580810546875000
0.5709677419354839411624880085582844913005828857421875000
0.5178571428571429047238439125067088752985000610351562500
0.5774193548387097640883780513831879943609237670898437500
0.5833333333333333703407674875052180141210556030273437500
0.4322580645161290258116082441119942814111709594726562500
0.4599999999999999644728632119949907064437866210937500000
0.3935483870967741992785704496782273054122924804687500000
0.4419354838709677046892920770915225148200988769531250000
0.4033333333333333214909544039983302354812622070312500000
0.3580645161290322842084776766569120809435844421386718750
0.6200000000000001065814103640150278806686401367187500000
0.6612903225806452400803436830756254494190216064453125000
0.6096774193548387676955258029920514672994613647460937500
0.6250000000000000000000000000000000000000000000000000000
0.4838709677419354981964261241955682635307312011718750000
0.4933333333333334014270121770096011459827423095703125000
0.5709677419354839411624880085582844913005828857421875000
0.5166666666666667184770744825073052197694778442382812500
0.4290322580645161143486632226995425298810005187988281250
0.4677419354838709963928522483911365270614624023437500000
0.4299999999999999933386618522490607574582099914550781250
0.5096774193548386788776838329795282334089279174804687500
0.6133333333333333969861200785089749842882156372070312500
0.6548387096774194171544536402507219463586807250976562500
0.6870967741935484207616013918595854192972183227539062500
0.5655172413793103647350335450028069317340850830078125000
0.6387096774193548043285773019306361675262451171875000000
0.3866666666666667140361823840066790580749511718750000000
0.4354838709677419372745532655244460329413414001464843750
0.4900000000000000466293670342565746977925300598144531250
0.3354838709677419594790137580275768414139747619628906250
0.4161290322580645240080343683075625449419021606445312500
0.5233333333333333170500623054977040737867355346679687500
0.5290322580645161476553539614542387425899505615234375000
0.6033333333333333881043358815077226608991622924804687500
0.7064516129032258895392715203342959284782409667968750000
0.7064516129032258895392715203342959284782409667968750000
0.6392857142857143459835356225084979087114334106445312500
0.5387096774193548265330377944337669759988784790039062500
0.6133333333333333969861200785089749842882156372070312500
0.4387096774193548487374982869368977844715118408203125000
0.5366666666666666252183404139941558241844177246093750000
0.5096774193548386788776838329795282334089279174804687500
0.4451612903225806161522370985039742663502693176269531250
0.5166666666666667184770744825073052197694778442382812500
0.3483870967741935498196426124195568263530731201171875000
0.4833333333333333370340767487505218014121055603027343750
0.6032258064516129447696357601671479642391204833984375000
0.5225806451612903247294639186293352395296096801757812500
0.3571428571428572062984585500089451670646667480468750000
0.4032258064516129336674055139155825600028038024902343750
0.5300000000000000266453525910037569701671600341796875000
0.3838709677419355204008866166986990720033645629882812500
0.4799999999999999822364316059974953532218933105468750000
0.3419354838709677824049038008524803444743156433105468750
0.3322580645161290480160687366151250898838043212890625000
0.4599999999999999644728632119949907064437866210937500000
0.3580645161290322842084776766569120809435844421386718750
0.6000000000000000888178419700125232338905334472656250000
0.5903225806451612989178556745173409581184387207031250000
0.3903225806451613433267766595236025750637054443359375000
0.4535714285714285698425385362497763708233833312988281250
0.5741935483870967971142817987129092216491699218750000000
0.4333333333333333481363069950020872056484222412109375000
0.5483870967741935054107216274132952094078063964843750000
0.4566666666666666651863693004997912794351577758789062500
0.4096774193548387010821443254826590418815612792968750000
0.3645161290322580516232164882239885628223419189453125000
0.3833333333333333592385372412536526098847389221191406250
0.3806451612903226089379415952862473204731941223144531250
0.6400000000000001243449787580175325274467468261718750000
0.5129032258064516458517800856498070061206817626953125000
0.5838709677419354759919656316924374550580978393554687500
0.5068965517241379448165616850019432604312896728515625000
0.4806451612903226422446323340409435331821441650390625000
0.5166666666666667184770744825073052197694778442382812500
0.3903225806451613433267766595236025750637054443359375000
0.4866666666666666363205706602457212284207344055175781250
0.3806451612903226089379415952862473204731941223144531250
0.2838709677419354870941958779440028592944145202636718750
