0.9074193548387096130980467023618984967470169067382812500
0.8865517241379311519366979155165608972311019897460937500
0.8377419354838711029742626124061644077301025390625000000
0.7493333333333334067560826952103525400161743164062500000
0.7529032258064516369699958886485546827316284179687500000
0.7309999999999999831246100256976205855607986450195312500
0.7538709677419355159599945181980729103088378906250000000
0.6858064516129032117675023982883431017398834228515625000
0.7980000000000000426325641456060111522674560546875000000
0.8570967741935483497073278158495668321847915649414062500
0.9126666666666666261065188336942810565233230590820312500
0.9209677419354838079357250535394996404647827148437500000
0.8993548387096774732185622269753366708755493164062500000
0.8382142857142856895436011654965113848447799682617187500
0.7909677419354839145171354175545275211334228515625000000
0.7883333333333333303727386009995825588703155517578125000
0.7719354838709676647212631905858870595693588256835937500
0.7120000000000000772715225139108952134847640991210937500
0.7658064516129031717994735117827076464891433715820312500
0.7761290322580645106853580728056840598583221435546875000
0.8233333333333332504366808279883116483688354492187500000
0.8403225806451612989178556745173409581184387207031250000
0.8973333333333333161618838857975788414478302001953125000
0.9022580645161289991662556531082373112440109252929687500
0.8958064516129031762403656102833338081836700439453125000
0.8800000000000000044408920985006261616945266723632812500
0.8032258064516130113830172376765403896570205688476562500
0.7393333333333333978742984982091002166271209716796875000
0.7893548387096774865412385224772151559591293334960937500
0.7546666666666667078189334461058024317026138305664062500
0.7935483870967742214830309421813581138849258422851562500
0.8193548387096774021642886509653180837631225585937500000
0.8479999999999999760191826680966187268495559692382812500
0.8787096774193549064690955674450378865003585815429687500
0.8923333333333333117209917872969526797533035278320312500
0.8916129032258064412985731905791908502578735351562500000
0.9480645161290323086333842184103559702634811401367187500
0.8496428571428571441259691710001789033412933349609375000
0.8080645161290322953107079229084774851799011230468750000
0.7813333333333334351777921256143599748611450195312500000
0.7835483870967742126012467451801057904958724975585937500
0.7866666666666667362406428765098098665475845336914062500
0.8261290322580645550942790578119456768035888671875000000
0.8712903225806450935309044325549621134996414184570312500
0.9136666666666666269946972533944062888622283935546875000
0.8977419354838710452426653318980243057012557983398437500
0.9086666666666666225538051548937801271677017211914062500
0.9258064516129032028857182012870907783508300781250000000
0.9441935483870967926733897002122830599546432495117187500
0.9351724137931034519510831160005182027816772460937500000
0.7783870967741935986694556959264446049928665161132812500
0.7843333333333334378423273847147356718778610229492187500
0.8287096774193548620601745824387762695550918579101562500
0.8036666666666666403173735488962847739458084106445312500
0.7793548387096774776594543254759628325700759887695312500
0.8445161290322581448819505567371379584074020385742187500
0.8276666666666666616336556216992903500795364379882812500
0.8806451612903225534267903640284202992916107177734375000
0.8760000000000000008881784197001252323389053344726562500
0.8609677419354838656673223340476397424936294555664062500
0.9129032258064516680562405781529378145933151245117187500
0.9228571428571429313691965035104658454656600952148437500
0.7977419354838710674471258244011551141738891601562500000
0.8079999999999999404920458800916094332933425903320312500
0.7696774193548386877594680299807805567979812622070312500
0.7813333333333334351777921256143599748611450195312500000
0.7422580645161289680800109636038541793823242187500000000
0.7858064516129031895630419057852122932672500610351562500
0.8786666666666665959084525638900231570005416870117187500
0.8822580645161289814026872591057326644659042358398437500
0.9306666666666666420937303882965352386236190795898437500
0.9209677419354838079357250535394996404647827148437500000
0.9193548387096774909821306209778413176536560058593750000
0.8439285714285713613236339369905181229114532470703125000
0.7548387096774193949499931477475911378860473632812500000
0.7193333333333333801107301042065955698490142822265625000
0.7593548387096774598958859314734581857919692993164062500
0.7600000000000000088817841970012523233890533447265625000
0.7948387096774194304771299357526004314422607421875000000
0.8316129032258063880078680085716769099235534667968750000
0.8616666666666666918317218915035482496023178100585937500
0.8977419354838710452426653318980243057012557983398437500
0.8456666666666666776208671763015445321798324584960937500
0.9229032258064516769380247751541901379823684692382812500
0.8522580645161289547573346681019756942987442016601562500
0.8846428571428570641899113979889079928398132324218750000
0.8148387096774193372183958672394510358572006225585937500
0.7740000000000000213162820728030055761337280273437500000
0.7235483870967742703328440256882458925247192382812500000
0.7840000000000000301980662698042578995227813720703125000
0.7861290322580645195671422698069363832473754882812500000
0.7722580645161289947253635546076111495494842529296875000
0.8286666666666666625218340413994155824184417724609375000
0.8803225806451613344449924625223502516746520996093750000
0.8896666666666667167007176431070547550916671752929687500
0.8890322580645161343326776659523602575063705444335937500
0.8461290322580644618355449892987962812185287475585937500
0.8231034482758621262377118910080753266811370849609375000
0.8135483870967742392465993361838627606630325317382812500
0.7859999999999999209521206466888543218374252319335937500
0.7051612903225806805451725267630536109209060668945312500
0.8086666666666666447582656473969109356403350830078125000
0.7870967741935483985571408993564546108245849609375000000
0.8309677419354838390219697430438827723264694213867187500
0.8559999999999999831246100256976205855607986450195312500
0.8425806451612903869019532976381015032529830932617187500
0.8946666666666667211416097416076809167861938476562500000
0.8822580645161289814026872591057326644659042358398437500
0.8670967741935483585891120128508191555738449096679687500
0.8817857142857142838110462434997316449880599975585937500
0.8122580645161290302525003426126204431056976318359375000
0.6863333333333334618231447166181169450283050537109375000
0.7925806451612904535153347751474939286708831787109375000
0.7306666666666666865026513733027968555688858032226562500
0.7651612903225806228135752462549135088920593261718750000
0.7790322580645161476553539614542387425899505615234375000
0.8486666666666665692630999728862661868333816528320312500
0.8751612903225806094908989507530350238084793090820312500
0.9250000000000000444089209850062616169452667236328125000
0.9058064516129031851221498072845861315727233886718750000
0.8967741935483870552303642398328520357608795166015625000
0.8821428571428571174806165799964219331741333007812500000
0.8309677419354838390219697430438827723264694213867187500
0.7833333333333333259318465024989563971757888793945312500
0.7154838709677419084087546252703759819269180297851562500
0.8416666666666667850904559600166976451873779296875000000
0.7706451612903225667494666595302987843751907348632812500
0.8338709677419355870142680942080914974212646484375000000
0.7976666666666666349883030306955333799123764038085937500
0.8832258064516129714149883511709049344062805175781250000
0.9196666666666667433460702341108117252588272094726562500
0.9061290322580645151262501713063102215528488159179687500
0.8854838709677419483767835117760114371776580810546875000
0.8582142857142857073071695594990160316228866577148437500
0.8822580645161289814026872591057326644659042358398437500
0.7023333333333333650116969693044666200876235961914062500
0.8087096774193548442966061884362716227769851684570312500
0.7083333333333332593184650249895639717578887939453125000
0.7087096774193548665010666809394024312496185302734375000
0.7848387096774194215953457387513481080532073974609375000
0.8296666666666666634100124610995408147573471069335937500
0.8716129032258064235350047965766862034797668457031250000
0.9273333333333333428072364768013358116149902343750000000
0.8793548387096774554549938329728320240974426269531250000
0.8467741935483870108214432548265904188156127929687500000
0.8837931034482758851922312715032603591680526733398437500
0.8474193548387096708296439828700385987758636474609375000
0.8183333333333333570180911920033395290374755859375000000
0.7312903225806451912305305995687376707792282104492187500
0.8003333333333333410308796374010853469371795654296875000
0.8190322580645161831824907494592480361461639404296875000
0.8358064516129032339719628907914739102125167846679687500
0.8810000000000000053290705182007513940334320068359375000
0.8545161290322580427414322912227362394332885742187500000
0.8863333333333334174142237316118553280830383300781250000
0.9267741935483870818757168308366090059280395507812500000
0.8890322580645161343326776659523602575063705444335937500
0.8707142857142856628982485744927544146776199340820312500
0.8719354838709677535391051605984102934598922729492187500
0.8123333333333333516890206738025881350040435791015625000
0.7874193548387096175389388008625246584415435791015625000
0.7973333333333333383663443783007096499204635620117187500
0.8003225806451612633907188865123316645622253417968750000
0.8306451612903226200401718415378127247095108032226562500
0.8590000000000000968114477473136503249406814575195312500
0.8806451612903225534267903640284202992916107177734375000
0.9190000000000000390798504668055102229118347167968750000
0.9167741935483870729939326338353566825389862060546875000
0.9122580645161290080480398501094896346330642700195312500
0.8607142857142857650387668400071561336517333984375000000
0.8122580645161290302525003426126204431056976318359375000
0.8009999999999999342747969421907328069210052490234375000
0.7722580645161289947253635546076111495494842529296875000
0.8023333333333333428072364768013358116149902343750000000
0.8077419354838710763289100214024074375629425048828125000
0.8396774193548387499319574089895468205213546752929687500
0.8613333333333333952097632391087245196104049682617187500
0.8383870967741936519601608779339585453271865844726562500
0.8986666666666666136720209578925278037786483764648437500
0.8612903225806451956714226980693638324737548828125000000
0.8558064516129032517355312847939785569906234741210937500
0.8717857142857142749292620464984793215990066528320312500
0.8306451612903226200401718415378127247095108032226562500
0.8063333333333334573822526181174907833337783813476562500
0.7532258064516129669740962526702787727117538452148437500
0.7859999999999999209521206466888543218374252319335937500
0.8325806451612903780201691006368491798639297485351562500
0.8541935483870968237596343897166661918163299560546875000
0.8516666666666666829499376945022959262132644653320312500
0.9180645161290322819880316274065990000963211059570312500
0.9133333333333333303727386009995825588703155517578125000
0.8909677419354838923126749250513967126607894897460937500
0.8896774193548386833185759314801543951034545898437500000
0.8913793103448276466949096175085287541151046752929687500
0.8109677419354838212584013490413781255483627319335937500
0.7566666666666667095952902855060528963804244995117187500
0.7861290322580645195671422698069363832473754882812500000
0.8153333333333333543535559329029638320207595825195312500
0.7796774193548386966412522269820328801870346069335937500
0.7209677419354838523446460385457612574100494384765625000
0.8723333333333334049797258558101020753383636474609375000
0.8880645161290323663649814989184960722923278808593750000
0.9173333333333333339254522798000834882259368896484375000
0.8606451612903225356632219700259156525135040283203125000
0.8329032258064517080242694646585732698440551757812500000
0.8267857142857143459835356225084979087114334106445312500
0.7351612903225807071905251177668105810880661010742187500
0.6169999999999999928945726423989981412887573242187500000
0.7996774193548387144048206209845375269651412963867187500
0.7859999999999999209521206466888543218374252319335937500
0.7845161290322580915912453747296240180730819702148437500
0.7419354838709677490982130620977841317653656005859375000
0.8226666666666666571927635231986641883850097656250000000
0.8632258064516129536514199571684002876281738281250000000
0.9093333333333334378423273847147356718778610229492187500
0.9103225806451612500680425910104531794786453247070312500
0.8716129032258064235350047965766862034797668457031250000
0.7735714285714285765038766840007156133651733398437500000
0.7629032258064516458517800856498070061206817626953125000
0.6836666666666666447582656473969109356403350830078125000
0.8064516129032257563125085653155110776424407958984375000
0.7750000000000000222044604925031308084726333618164062500
0.7593548387096774598958859314734581857919692993164062500
0.7954838709677419794630282012803945690393447875976562500
0.8183333333333333570180911920033395290374755859375000000
0.8529032258064517257878378586610779166221618652343750000
0.9120000000000000328626015289046335965394973754882812500
0.8864516129032258273667821413255296647548675537109375000
0.8629032258064517346696220556623302400112152099609375000
0.8210714285714286742035028510144911706447601318359375000
0.8193548387096774021642886509653180837631225585937500000
0.7636666666666666047902367608912754803895950317382812500
0.7445161290322580560641085867246147245168685913085937500
0.7840000000000000301980662698042578995227813720703125000
0.7470967741935483630300041113514453172683715820312500000
0.7767741935483870596712563383334781974554061889648437500
0.7620000000000000106581410364015027880668640136718750000
0.8690322580645162275914117344655096530914306640625000000
0.8826666666666667104834687052061781287193298339843750000
0.8841935483870968504049869807204231619834899902343750000
0.9187096774193549419962323554500471800565719604492187500
0.8217241379310344928654785690014250576496124267578125000
0.7661290322580645018035738758044317364692687988281250000
0.8016666666666667495633191720116883516311645507812500000
0.7709677419354838967535670235520228743553161621093750000
0.7736666666666666136720209578925278037786483764648437500
0.7738709677419355337235629122005775570869445800781250000
0.8458064516129032428537470877927262336015701293945312500
0.8546666666666666856144729536026716232299804687500000000
0.8612903225806451956714226980693638324737548828125000000
0.8676666666666666971607924097042996436357498168945312500
0.8948387096774194082726694432494696229696273803710937500
0.8445161290322581448819505567371379584074020385742187500
0.8142857142857142793701541449991054832935333251953125000
0.7838709677419355426053471092018298804759979248046875000
0.7803333333333333232673112433985807001590728759765625000
0.8335483870967742570101677301863674074411392211914062500
0.7736666666666666136720209578925278037786483764648437500
0.8000000000000000444089209850062616169452667236328125000
0.8325806451612903780201691006368491798639297485351562500
0.8356666666666666687390829793002922087907791137695312500
0.8793548387096774554549938329728320240974426269531250000
0.8783333333333332992864939114951994270086288452148437500
0.9167741935483870729939326338353566825389862060546875000
0.9087096774193549331144481584487948566675186157226562500
0.8814285714285714501414759070030413568019866943359375000
0.7783870967741935986694556959264446049928665161132812500
0.8009999999999999342747969421907328069210052490234375000
0.7951612903225806494589278372586704790592193603515625000
0.7846666666666667344642860371095594018697738647460937500
0.7951612903225806494589278372586704790592193603515625000
0.7519354838709677579799972590990364551544189453125000000
0.7806666666666666198892698957934044301509857177734375000
0.8993548387096774732185622269753366708755493164062500000
0.9170000000000000373034936274052597582340240478515625000
0.8661290322580644795991133833013009279966354370117187500
0.8841935483870968504049869807204231619834899902343750000
0.9196428571428570952761560874932911247014999389648437500
0.8361290322580644529537607922975439578294754028320312500
0.7903333333333333321490954403998330235481262207031250000
0.7870967741935483985571408993564546108245849609375000000
0.7560000000000000053290705182007513940334320068359375000
0.7845161290322580915912453747296240180730819702148437500
0.7745161290322580827094611777283716946840286254882812500
0.8309999999999999609201495331944897770881652832031250000
0.8387096774193548709419587794400285929441452026367187500
0.8616666666666666918317218915035482496023178100585937500
0.8503225806451613077996398715185932815074920654296875000
0.8441935483870968148778501927154138684272766113281250000
0.8375000000000000222044604925031308084726333618164062500
0.8016129032258064723848178800835739821195602416992187500
0.7650000000000000133226762955018784850835800170898437500
0.8077419354838710763289100214024074375629425048828125000
0.7733333333333333170500623054977040737867355346679687500
0.7690322580645161387735697644529864192008972167968750000
0.7796774193548386966412522269820328801870346069335937500
0.8036666666666666403173735488962847739458084106445312500
0.8396774193548387499319574089895468205213546752929687500
0.9183333333333333348136306995002087205648422241210937500
0.8554838709677419217314309207722544670104980468750000000
0.7354838709677419261723230192728806287050247192382812500
0.7571428571428571174806165799964219331741333007812500000
0.7883870967741936075512398929276969283819198608398437500
0.7446666666666666989371492491045501083135604858398437500
0.7109677419354838434628618415445089340209960937500000000
0.7459999999999999964472863211994990706443786621093750000
0.7541935483870968459640948822197970002889633178710937500
0.7922580645161290124889319486101157963275909423828125000
0.7983333333333333392545227980008348822593688964843750000
0.8335483870967742570101677301863674074411392211914062500
0.8190000000000000612843109593086410313844680786132812500
0.8577419354838710097155285438930150121450424194335937500
0.8154838709677418862042941327672451734542846679687500000
0.8217857142857143415426435240078717470169067382812500000
0.7796774193548386966412522269820328801870346069335937500
0.7446666666666666989371492491045501083135604858398437500
0.7877419354838710585653416273999027907848358154296875000
0.7560000000000000053290705182007513940334320068359375000
0.7648387096774194038317773447488434612751007080078125000
0.8232258064516129181242831691633909940719604492187500000
0.8243333333333333623471617102040909230709075927734375000
0.9129032258064516680562405781529378145933151245117187500
0.8403333333333333765580164254060946404933929443359375000
0.7954838709677419794630282012803945690393447875976562500
0.7735483870967742037194625481788534671068191528320312500
0.8092857142857142749292620464984793215990066528320312500
0.7903225806451612545089346895110793411731719970703125000
0.8013333333333334529413605196168646216392517089843750000
0.7564516129032258229258900428249035030603408813476562500
0.8179999999999999493738300770928617566823959350585937500
0.7945161290322581004730295717308763414621353149414062500
0.7774193548387096086571546038612723350524902343750000000
0.8333333333333332593184650249895639717578887939453125000
0.8351612903225806849860646252636797726154327392578125000
0.8750000000000000000000000000000000000000000000000000000
0.8425806451612903869019532976381015032529830932617187500
0.8058064516129032073266102997877169400453567504882812500
0.8096551724137931449476468515058513730764389038085937500
0.7919354838709676824848315845883917063474655151367187500
0.7809999999999999165112285481882281601428985595703125000
0.7548387096774193949499931477475911378860473632812500000
0.7246666666666666811735808551020454615354537963867187500
0.6735483870967742259239230406819842755794525146484375000
0.7167741935483870063805511563259642571210861206054687500
0.8499999999999999777955395074968691915273666381835937500
0.8761290322580644884808975803025532513856887817382812500
0.8159999999999999475974732376926112920045852661132812500
0.8593548387096774376914254389703273773193359375000000000
0.7258064516129032472946391862933523952960968017578125000
0.8317857142857143504244277210091240704059600830078125000
0.8119354838709677002483999785908963531255722045898437500
0.7880000000000000337507799486047588288784027099609375000
0.7445161290322580560641085867246147245168685913085937500
0.7406666666666666953844355703040491789579391479492187500
0.6906451612903226067174955460359342396259307861328125000
0.7809677419354839056353512205532751977443695068359375000
0.8136666666666666491991577458975370973348617553710937500
0.8341935483870968059960659957141615450382232666015625000
0.8776666666666667060425766067055519670248031616210937500
0.8303225806451612900360714775160886347293853759765625000
0.7938709677419355514871313062030822038650512695312500000
0.8035714285714286031492292750044725835323333740234375000
0.7512903225806450979717965310555882751941680908203125000
0.6943333333333333579062696117034647613763809204101562500
0.7816129032258064546212494860810693353414535522460937500
0.8026666666666666394291951291961595416069030761718750000
0.7970967741935482964166226338420528918504714965820312500
0.7622580645161289858435793576063588261604309082031250000
0.8426666666666666749563319172011688351631164550781250000
0.8841935483870968504049869807204231619834899902343750000
0.8543333333333333889925143012078478932380676269531250000
0.7987096774193549464371244539506733417510986328125000000
0.8109677419354838212584013490413781255483627319335937500
0.8107142857142857206298458550008945167064666748046875000
0.7567741935483870419076879443309735506772994995117187500
0.7993333333333333401427012177009601145982742309570312500
0.7119354838709677224528604710940271615982055664062500000
0.7556666666666665976848094032902736216783523559570312500
0.7851612903225806405771436402574181556701660156250000000
0.7790322580645161476553539614542387425899505615234375000
0.8243333333333333623471617102040909230709075927734375000
0.8554838709677419217314309207722544670104980468750000000
0.8556666666666666865026513733027968555688858032226562500
0.8780645161290323574831973019172437489032745361328125000
0.7925806451612904535153347751474939286708831787109375000
0.8424137931034483273151636240072548389434814453125000000
0.8006451612903225933948192505340557545423507690429687500
0.7966666666666667451224270735110621899366378784179687500
0.7770967741935483896753567023552022874355316162109375000
0.7383333333333332859638176159933209419250488281250000000
0.7370967741935483541482199143501929938793182373046875000
0.7903225806451612545089346895110793411731719970703125000
0.8196666666666666545282282640982884913682937622070312500
0.8064516129032257563125085653155110776424407958984375000
0.8250000000000000666133814775093924254179000854492187500
0.8477419354838710008337443468917626887559890747070312500
0.7983870967741936164330240899289492517709732055664062500
0.8014285714285713790872023309930227696895599365234375000
0.8016129032258064723848178800835739821195602416992187500
0.7000000000000000666133814775093924254179000854492187500
0.7261290322580644662764370877994224429130554199218750000
0.7566666666666667095952902855060528963804244995117187500
0.7896774193548387055230364239832852035760879516601562500
0.7896774193548387055230364239832852035760879516601562500
0.8176666666666666527518714246980380266904830932617187500
0.8880645161290323663649814989184960722923278808593750000
0.8693333333333334023151905967097263783216476440429687500
0.8929032258064516502926721841504331678152084350585937500
0.8864516129032258273667821413255296647548675537109375000
0.8635714285714286564399344570119865238666534423828125000
0.7674193548387095997753704068600200116634368896484375000
0.7440000000000001056932319443149026483297348022460937500
0.7299999999999999822364316059974953532218933105468750000
0.7220000000000000861533067109121475368738174438476562500
0.7635483870967743058599808136932551860809326171875000000
0.7903225806451612545089346895110793411731719970703125000
0.8503333333333333854398006224073469638824462890625000000
0.8538709677419354937555340256949421018362045288085937500
0.8590000000000000968114477473136503249406814575195312500
0.9077419354838710541244495288992766290903091430664062500
0.8529032258064517257878378586610779166221618652343750000
0.7860714285714286431172581615101080387830734252929687500
0.7629032258064516458517800856498070061206817626953125000
0.7003333333333333632353401299042161554098129272460937500
0.7654838709677419528176756102766375988721847534179687500
0.7386666666666665825857762683881446719169616699218750000
0.6700000000000000399680288865056354552507400512695312500
0.6687096774193549419962323554500471800565719604492187500
0.7490000000000001101341240428155288100242614746093750000
0.8525806451612903957837374946393538266420364379882812500
0.8840000000000001190159082398167811334133148193359375000
0.9032258064516129891785567451734095811843872070312500000
0.8254838709677418950860783297684974968433380126953125000
0.8579310344827586476412761840038001537322998046875000000
0.7958064516129031984448261027864646166563034057617187500
0.6959999999999999520383653361932374536991119384765625000
0.7464516129032258140441058458236511796712875366210937500
0.7253333333333332744174981598916929215192794799804687500
0.7229032258064517213469457601604517549276351928710937500
0.7774193548387096086571546038612723350524902343750000000
0.8333333333333332593184650249895639717578887939453125000
0.8474193548387096708296439828700385987758636474609375000
0.8546666666666666856144729536026716232299804687500000000
0.8612903225806451956714226980693638324737548828125000000
0.8558064516129032517355312847939785569906234741210937500
0.7410714285714286031492292750044725835323333740234375000
0.7648387096774194038317773447488434612751007080078125000
0.6843333333333333490244854147022124379873275756835937500
0.7319354838709677402164288650965318083763122558593750000
0.7240000000000000879296635503123980015516281127929687500
0.7570967741935483719117883083526976406574249267578125000
0.7690322580645161387735697644529864192008972167968750000
0.7966666666666667451224270735110621899366378784179687500
0.8487096774193548798237429764412809163331985473632812500
0.8609999999999999875655021241982467472553253173828125000
0.8248387096774193461001800642407033592462539672851562500
0.7970967741935482964166226338420528918504714965820312500
0.8828571428571428958420597155054565519094467163085937500
0.7796774193548386966412522269820328801870346069335937500
0.6786666666666666403173735488962847739458084106445312500
0.7461290322580644840400054818019270896911621093750000000
0.7343333333333333934334063997084740549325942993164062500
0.7593548387096774598958859314734581857919692993164062500
0.7325806451612904002246295931399799883365631103515625000
0.7590000000000001190159082398167811334133148193359375000
0.8445161290322581448819505567371379584074020385742187500
0.8666666666666666962726139900041744112968444824218750000
0.8961290322580645062444659743050578981637954711914062500
0.8209677419354838301401855460426304489374160766601562500
0.8296428571428571263624007769976742565631866455078125000
0.7864516129032257385489401713130064308643341064453125000
0.7359999999999999875655021241982467472553253173828125000
0.6941935483870967926733897002122830599546432495117187500
0.6800000000000000488498130835068877786397933959960937500
0.7361290322580644751582212848006747663021087646484375000
0.7674193548387095997753704068600200116634368896484375000
0.7680000000000000159872115546022541821002960205078125000
0.8616129032258064146532205995754338800907135009765625000
0.8399999999999999689137553104956168681383132934570312500
0.8580645161290323397196289079147391021251678466796875000
0.7664516129032258318076742398261558264493942260742187500
0.7906896551724138522132534490083344280719757080078125000
0.7425806451612904091064137901412323117256164550781250000
0.7093333333333333712289459072053432464599609375000000000
0.6429032258064516502926721841504331678152084350585937500
0.6816666666666667540042112705123145133256912231445312500
0.7041935483870968015551738972135353833436965942382812500
0.7254838709677419172905388222716283053159713745117187500
0.7940000000000000390798504668055102229118347167968750000
0.7912903225806451334989333190605975687503814697265625000
0.8356666666666666687390829793002922087907791137695312500
0.8300000000000000710542735760100185871124267578125000000
0.8019354838709676913666157815896440297365188598632812500
0.7667857142857142926928304405009839683771133422851562500
0.7416129032258064190941126980760600417852401733398437500
0.7720000000000000195399252334027551114559173583984375000
0.6016129032258065167937388650898355990648269653320312500
0.5810000000000000719424519957101438194513320922851562500
0.6490322580645161432144618629536125808954238891601562500
0.6990322580645161876233828479598741978406906127929687500
0.7129999999999999671373984710953664034605026245117187500
0.8083870967741936253148082869302015751600265502929687500
0.8293333333333333667880538087047170847654342651367187500
0.8158064516129032162083944967889692634344100952148437500
0.8277419354838710940924784154049120843410491943359375000
0.7739285714285714101734470204974059015512466430664062500
0.6883870967741936297557003854308277368545532226562500000
0.6670000000000000373034936274052597582340240478515625000
0.6322580645161290924249897216213867068290710449218750000
0.6793333333333333445835933162015862762928009033203125000
0.7106451612903226244810639400384388864040374755859375000
0.7441935483870968370823106852185446768999099731445312500
0.7923333333333333339254522798000834882259368896484375000
0.8225806451612903691383849036355968564748764038085937500
0.8386666666666666714036182384006679058074951171875000000
0.8638709677419355026373182226961944252252578735351562500
0.8109677419354838212584013490413781255483627319335937500
0.8185714285714286164719055705063510686159133911132812500
0.7780645161290323796876577944203745573759078979492187500
0.7179999999999999715782905695959925651550292968750000000
0.6651612903225806450180357387580443173646926879882812500
0.6740000000000000435207425653061363846063613891601562500
0.7045161290322581315592742612352594733238220214843750000
0.7009677419354838345810776445432566106319427490234375000
0.7506666666666665932439173047896474599838256835937500000
0.8035483870967742303648151391826104372739791870117187500
0.8359999999999999653610416316951159387826919555664062500
0.8461290322580644618355449892987962812185287475585937500
0.8393548387096774199278570449678227305412292480468750000
0.7827586206896552933898192350170575082302093505859375000
0.7290322580645162142687354389636311680078506469726562500
0.7036666666666666625218340413994155824184417724609375000
0.6919354838709677046892920770915225148200988769531250000
0.7133333333333332637593571234901901334524154663085937500
0.6987096774193548576192824839381501078605651855468750000
0.7532258064516129669740962526702787727117538452148437500
0.7993333333333333401427012177009601145982742309570312500
0.7106451612903226244810639400384388864040374755859375000
0.8240000000000000657252030578092671930789947509765625000
0.8870967741935483763526804068533238023519515991210937500
0.8245161290322581271183821627346333116292953491210937500
0.7671428571428571263624007769976742565631866455078125000
0.6516129032258064501803573875804431736469268798828125000
0.7120000000000000772715225139108952134847640991210937500
0.6287096774193547954467931049293838441371917724609375000
0.6756666666666666376528382897959090769290924072265625000
0.6245161290322580605050006852252408862113952636718750000
0.6803225806451612678316109850129578262567520141601562500
0.7199999999999999733546474089962430298328399658203125000
0.7996774193548387144048206209845375269651412963867187500
0.8303333333333333676762322284048423171043395996093750000
0.7974193548387096264207229978637769818305969238281250000
0.8274193548387096530660755888675339519977569580078125000
0.8014285714285713790872023309930227696895599365234375000
0.7212903225806451823487464025674853473901748657226562500
0.7369999999999999884536805438983719795942306518554687500
0.6322580645161290924249897216213867068290710449218750000
0.6613333333333334396186842241149861365556716918945312500
0.6751612903225806538998199357592966407537460327148437500
0.7164516129032257873987532548198942095041275024414062500
0.7840000000000000301980662698042578995227813720703125000
0.8145161290322581182365979657333809882402420043945312500
0.8373333333333333738934811663057189434766769409179687500
0.8819354838709676513985868950840085744857788085937500000
0.8554838709677419217314309207722544670104980468750000000
0.8282142857142856806618169684952590614557266235351562500
0.7719354838709676647212631905858870595693588256835937500
0.7246666666666666811735808551020454615354537963867187500
0.6664516129032257429898322698136325925588607788085937500
0.6646666666666667389051781356101855635643005371093750000
0.6354838709677419483767835117760114371776580810546875000
0.6832258064516130158239093361771665513515472412109375000
0.7633333333333333081682781084964517503976821899414062500
0.8545161290322580427414322912227362394332885742187500000
0.8629999999999999893418589635984972119331359863281250000
0.8570967741935483497073278158495668321847915649414062500
0.8341935483870968059960659957141615450382232666015625000
0.8100000000000000532907051820075139403343200683593750000
0.7403225806451613211223161670204717665910720825195312500
0.7486666666666665914675604653893969953060150146484375000
0.7174193548387096663887518843694124370813369750976562500
0.7706666666666666110074856987921521067619323730468750000
0.7112903225806451734669622055662330240011215209960937500
0.7503225806451613300041003640217240899801254272460937500
0.7750000000000000222044604925031308084726333618164062500
0.7987096774193549464371244539506733417510986328125000000
0.8229999999999999538147221755934879183769226074218750000
0.8922580645161289902844714561069849878549575805664062500
0.8490322580645162098278433404630050063133239746093750000
0.8089285714285714412596917100017890334129333496093750000
0.7535483870967742969781966166920028626918792724609375000
0.7003333333333333632353401299042161554098129272460937500
0.6732258064516130069421251391759142279624938964843750000
0.6456666666666666110074856987921521067619323730468750000
0.7077419354838710985333705139055382460355758666992187500
0.7393548387096774421323175374709535390138626098632812500
0.7680000000000000159872115546022541821002960205078125000
0.8238709677419355781324838972068391740322113037109375000
0.8356666666666666687390829793002922087907791137695312500
0.7870967741935483985571408993564546108245849609375000000
0.8596774193548387676955258029920514672994613647460937500
0.8657142857142856584573564759921282529830932617187500000
0.7535483870967742969781966166920028626918792724609375000
0.6266666666666667051543981870054267346858978271484375000
0.6948387096774193416592879657400771975517272949218750000
0.7456666666666665888030252062890212982892990112304687500
0.7629032258064516458517800856498070061206817626953125000
0.6980645161290323086333842184103559702634811401367187500
0.7426666666666666971607924097042996436357498168945312500
0.7693548387096774687776701284747105091810226440429687500
0.8129999999999999449329379785922355949878692626953125000
0.8458064516129032428537470877927262336015701293945312500
0.8696774193548387765773099999933037906885147094726562500
0.7453571428571429402509807005117181688547134399414062500
0.7077419354838710985333705139055382460355758666992187500
0.7220000000000000861533067109121475368738174438476562500
0.6790322580645161698598144539573695510625839233398437500
0.6670000000000000373034936274052597582340240478515625000
0.6667741935483870729939326338353566825389862060546875000
0.7274193548387096752705360813706647604703903198242187500
0.7693333333333334245196510892128571867942810058593750000
0.7774193548387096086571546038612723350524902343750000000
0.8793333333333334111969747937109787017107009887695312500
0.8154838709677418862042941327672451734542846679687500000
0.8529032258064517257878378586610779166221618652343750000
0.7524137931034482473791058509959839284420013427734375000
0.6874193548387096397433992933656554669141769409179687500
0.7153333333333333765580164254060946404933929443359375000
0.6567741935483870641121484368341043591499328613281250000
0.6823333333333333472481285753019619733095169067382812500
0.5983870967741935498196426124195568263530731201171875000
0.7019354838709677135710762740927748382091522216796875000
0.7510000000000000008881784197001252323389053344726562500
0.7783870967741935986694556959264446049928665161132812500
0.8056666666666666420937303882965352386236190795898437500
0.8712903225806450935309044325549621134996414184570312500
0.8103225806451612722725030835135839879512786865234375000
0.7042857142857142926928304405009839683771133422851562500
0.7409677419354838701082144325482659041881561279296875000
0.6740000000000000435207425653061363846063613891601562500
0.6916129032258063746851917130697984248399734497070312500
0.6680000000000000381916720471053849905729293823242187500
0.6387096774193548043285773019306361675262451171875000000
0.7296774193548387632546337044914253056049346923828125000
0.6743333333333333401427012177009601145982742309570312500
0.7829032258064516636153484796523116528987884521484375000
0.8573333333333333916570495603082235902547836303710937500
0.8274193548387096530660755888675339519977569580078125000
0.9112903225806451290580412205599714070558547973632812500
0.7953571428571429846599016855179797857999801635742187500
0.7719354838709676647212631905858870595693588256835937500
0.7343333333333333934334063997084740549325942993164062500
0.7045161290322581315592742612352594733238220214843750000
0.6063333333333333907688711406080983579158782958984375000
0.6135483870967741726332178586744703352451324462890625000
0.7203225806451613033587477730179671198129653930664062500
0.7980000000000000426325641456060111522674560546875000000
0.8722580645161289725209030621044803410768508911132812500
0.8526666666666666838381161142024211585521697998046875000
0.9151612903225806450180357387580443173646926879882812500
0.8709677419354838745491065310488920658826828002929687500
0.8546428571428571485668612695008050650358200073242187500
0.6951612903225806716633883297618012875318527221679687500
0.7213333333333333818870869436068460345268249511718750000
0.6300000000000000044408920985006261616945266723632812500
0.6943333333333333579062696117034647613763809204101562500
0.7012903225806451645851780085649807006120681762695312500
0.7648387096774194038317773447488434612751007080078125000
0.7566666666666667095952902855060528963804244995117187500
0.7941935483870967704689292077091522514820098876953125000
0.8699999999999999955591079014993738383054733276367187500
0.8212903225806451601442859100643545389175415039062500000
0.8967741935483870552303642398328520357608795166015625000
0.7210344827586206983838224005012307316064834594726562500
0.7199999999999999733546474089962430298328399658203125000
0.6609999999999999209521206466888543218374252319335937500
0.6970967741935483186210831263451837003231048583984375000
0.6713333333333334485004684211162384599447250366210937500
0.7322580645161289591982267666026018559932708740234375000
0.6835483870967742348057072376832365989685058593750000000
0.6856666666666666465346224867971614003181457519531250000
0.8399999999999999689137553104956168681383132934570312500
0.9250000000000000444089209850062616169452667236328125000
0.9541935483870968015551738972135353833436965942382812500
0.9025806451612904401926584796456154435873031616210937500
0.8228571428571429535736569960135966539382934570312500000
0.7351612903225807071905251177668105810880661010742187500
0.7476666666666667016016845082049258053302764892578125000
0.7767741935483870596712563383334781974554061889648437500
0.7393333333333333978742984982091002166271209716796875000
0.7564516129032258229258900428249035030603408813476562500
0.7419354838709677490982130620977841317653656005859375000
0.8063333333333334573822526181174907833337783813476562500
0.8670967741935483585891120128508191555738449096679687500
0.8750000000000000000000000000000000000000000000000000000
0.8806451612903225534267903640284202992916107177734375000
0.8996774193548386922003601284814067184925079345703125000
0.8024999999999999911182158029987476766109466552734375000
0.8038709677419355603689155032043345272541046142578125000
0.6959999999999999520383653361932374536991119384765625000
0.6706451612903225889539271520334295928478240966796875000
0.7320000000000000950350909079133998602628707885742187500
0.6687096774193549419962323554500471800565719604492187500
0.7777419354838710496835574303986504673957824707031250000
0.8096666666666667566687465296126902103424072265625000000
0.8825806451612904224290900856431107968091964721679687500
0.8529999999999999804600747665972448885440826416015625000
0.9596774193548387454910653104889206588268280029296875000
0.8483870967741936608419450749352108687162399291992187500
0.8407142857142857472751984460046514868736267089843750000
0.7764516129032257296671559743117541074752807617187500000
0.7886666666666666269946972533944062888622283935546875000
0.6941935483870967926733897002122830599546432495117187500
0.6683333333333333348136306995002087205648422241210937500
0.6545161290322580871503532762289978563785552978515625000
0.7293548387096774332505333404697012156248092651367187500
0.7766666666666667273588586795085575431585311889648437500
0.8690322580645162275914117344655096530914306640625000000
0.9070000000000000284217094304040074348449707031250000000
0.8961290322580645062444659743050578981637954711914062500
0.9303225806451612678316109850129578262567520141601562500
0.8493103448275861611094228464935440570116043090820312500
0.7800000000000000266453525910037569701671600341796875000
0.7473333333333334049797258558101020753383636474609375000
0.7887096774193549375553402569494210183620452880859375000
0.7286666666666665737039920713868923485279083251953125000
0.7722580645161289947253635546076111495494842529296875000
0.7703225806451613477676687580242287367582321166992187500
0.8086666666666666447582656473969109356403350830078125000
0.8596774193548387676955258029920514672994613647460937500
0.9093333333333334378423273847147356718778610229492187500
0.9454838709677418906451862312678713351488113403320312500
0.8780645161290323574831973019172437489032745361328125000
0.8839285714285713968507707249955274164676666259765625000
0.7954838709677419794630282012803945690393447875976562500
0.7893333333333334422832194832153618335723876953125000000
0.6603225806451612500680425910104531794786453247070312500
0.6890000000000000568434188608080148696899414062500000000
0.7351612903225807071905251177668105810880661010742187500
0.7667741935483870507894721413322258740663528442382812500
0.8333333333333332593184650249895639717578887939453125000
0.8716129032258064235350047965766862034797668457031250000
0.9003333333333333188264191448979545384645462036132812500
0.8906451612903225623085745610296726226806640625000000000
0.8609677419354838656673223340476397424936294555664062500
0.8275000000000000133226762955018784850835800170898437500
0.7325806451612904002246295931399799883365631103515625000
0.7759999999999999120703364496876019984483718872070312500
0.6812903225806451468216096145624760538339614868164062500
0.7206666666666666776208671763015445321798324584960937500
0.7496774193548387810182020984939299523830413818359375000
0.7796774193548386966412522269820328801870346069335937500
0.8159999999999999475974732376926112920045852661132812500
0.8229032258064516991424852676573209464550018310546875000
0.9016666666666667273588586795085575431585311889648437500
0.8677419354838710185973127408942673355340957641601562500
0.8990322580645161432144618629536125808954238891601562500
0.8349999999999999644728632119949907064437866210937500000
0.8051612903225806583407120342599228024482727050781250000
0.6846666666666666456464440670970361679792404174804687500
0.7983870967741936164330240899289492517709732055664062500
0.7220000000000000861533067109121475368738174438476562500
0.7148387096774193594228563597425818443298339843750000000
0.7506451612903225489858982655277941375970840454101562500
0.8056666666666666420937303882965352386236190795898437500
0.8774193548387095864526941113581415265798568725585937500
0.8916666666666667184770744825073052197694778442382812500
0.9061290322580645151262501713063102215528488159179687500
0.8445161290322581448819505567371379584074020385742187500
0.8179310344827586121141393959987908601760864257812500000
0.7480645161290323530423052034166175872087478637695312500
0.7113333333333333730053027466055937111377716064453125000
0.7416129032258064190941126980760600417852401733398437500
0.7259999999999999786837179271969944238662719726562500000
0.7596774193548387898999862954951822757720947265625000000
0.7706451612903225667494666595302987843751907348632812500
0.8556666666666666865026513733027968555688858032226562500
0.8858064516129031673585814132820814847946166992187500000
0.8693333333333334023151905967097263783216476440429687500
0.8625806451612904046655216916406061500310897827148437500
0.8748387096774193905091010492469649761915206909179687500
0.8478571428571429757781174885167274624109268188476562500
0.7583870967741935809058873019239399582147598266601562500
0.7833333333333333259318465024989563971757888793945312500
0.7090322580645161965051670449611265212297439575195312500
0.6850000000000000532907051820075139403343200683593750000
0.7432258064516129580923120556690264493227005004882812500
0.7929032258064516724971326766535639762878417968750000000
0.8216666666666667673268875660141929984092712402343750000
0.8396774193548387499319574089895468205213546752929687500
0.8916666666666667184770744825073052197694778442382812500
0.8403225806451612989178556745173409581184387207031250000
0.8470967741935483408255436188483145087957382202148437500
0.8825000000000000621724893790087662637233734130859375000
0.8238709677419355781324838972068391740322113037109375000
0.7803333333333333232673112433985807001590728759765625000
0.7303225806451613122405319700192194432020187377929687500
0.7253333333333332744174981598916929215192794799804687500
0.7645161290322580738276769807271193712949752807617187500
0.7677419354838710408017732333973981440067291259765625000
0.7853333333333333277082033418992068618535995483398437500
0.8519354838709677357755367665959056466817855834960937500
0.8876666666666667149243608037068042904138565063476562500
0.9206451612903225889539271520334295928478240966796875000
0.9064516129032257341080480728123802691698074340820312500
0.8125000000000000000000000000000000000000000000000000000
0.6596774193548387010821443254826590418815612792968750000
0.7513333333333334085324395346106030046939849853515625000
0.7022580645161289325528741755988448858261108398437500000
0.7683333333333333126091702069970779120922088623046875000
0.7293548387096774332505333404697012156248092651367187500
0.7283870967741935542605347109201829880475997924804687500
0.8453333333333333809989085239067208021879196166992187500
0.8554838709677419217314309207722544670104980468750000000
0.8959999999999999076294443511869758367538452148437500000
0.9712903225806451823487464025674853473901748657226562500
0.8693548387096774465732096359715797007083892822265625000
0.8472413793103448220733753259992226958274841308593750000
0.8293548387096774110460728479665704071521759033203125000
0.7653333333333333099446349478967022150754928588867187500
0.7348387096774193771864247537450864911079406738281250000
0.7626666666666667149243608037068042904138565063476562500
0.7858064516129031895630419057852122932672500610351562500
0.7496774193548387810182020984939299523830413818359375000
0.7980000000000000426325641456060111522674560546875000000
0.8877419354838710363608811348967719823122024536132812500
0.8906666666666666065665936002915259450674057006835937500
0.9190322580645161609780302569561172276735305786132812500
0.8709677419354838745491065310488920658826828002929687500
0.8721428571428571085988323829951696097850799560546875000
0.7819354838709676736030473875871393829584121704101562500
0.7369999999999999884536805438983719795942306518554687500
0.7077419354838710985333705139055382460355758666992187500
0.6946666666666666545282282640982884913682937622070312500
0.6806451612903225978357113490346819162368774414062500000
0.7722580645161289947253635546076111495494842529296875000
0.8203333333333333587944480314035899937152862548828125000
0.8574193548387096797114281798712909221649169921875000000
0.9146666666666667389051781356101855635643005371093750000
0.9012903225806451201762570235587190836668014526367187500
0.8645161290322580516232164882239885628223419189453125000
0.8614285714285714323779075130005367100238800048828125000
0.7648387096774194038317773447488434612751007080078125000
0.6776666666666666394291951291961595416069030761718750000
0.6841935483870967837916055032110307365655899047851562500
0.7253333333333332744174981598916929215192794799804687500
0.7345161290322580471823243897233624011278152465820312500
0.7648387096774194038317773447488434612751007080078125000
0.8159999999999999475974732376926112920045852661132812500
0.8300000000000000710542735760100185871124267578125000000
0.8933333333333333126091702069970779120922088623046875000
0.8709677419354838745491065310488920658826828002929687500
0.8374193548387096619478597858687862753868103027343750000
0.8250000000000000666133814775093924254179000854492187500
0.8138709677419355692506997002055868506431579589843750000
0.7040000000000000701660951563098933547735214233398437500
0.6883870967741936297557003854308277368545532226562500000
0.6683333333333333348136306995002087205648422241210937500
0.6803225806451612678316109850129578262567520141601562500
0.6467741935483870552303642398328520357608795166015625000
0.6500000000000000222044604925031308084726333618164062500
0.7006451612903226155992797430371865630149841308593750000
0.7966666666666667451224270735110621899366378784179687500
0.8225806451612903691383849036355968564748764038085937500
0.8103225806451612722725030835135839879512786865234375000
0.7575862068965517615026783460052683949470520019531250000
0.7158064516129032384128549892921000719070434570312500000
0.6373333333333333072800996887963265180587768554687500000
0.6116129032258065256755230620910879224538803100585937500
0.6966666666666667673268875660141929984092712402343750000
0.7332258064516129492105278586677741259336471557617187500
0.7516129032258064279758968950773123651742935180664062500
0.7583333333333333037273860099958255887031555175781250000
0.8077419354838710763289100214024074375629425048828125000
0.8270000000000000683897383169096428900957107543945312500
0.8609677419354838656673223340476397424936294555664062500
0.8287096774193548620601745824387762695550918579101562500
0.7482142857142857206298458550008945167064666748046875000
0.6600000000000000310862446895043831318616867065429687500
0.6573333333333333250436680827988311648368835449218750000
0.6761290322580645328898185653088148683309555053710937500
0.6236666666666667024898629279050510376691818237304687500
0.6232258064516128515109016916539985686540603637695312500
0.7348387096774193771864247537450864911079406738281250000
0.7543333333333334111969747937109787017107009887695312500
0.8225806451612903691383849036355968564748764038085937500
0.8313333333333333685644106481049675494432449340820312500
0.8019354838709676913666157815896440297365188598632812500
0.7383870967741935631423189079214353114366531372070312500
0.7617857142857142882519383420003578066825866699218750000
0.7548387096774193949499931477475911378860473632812500000
0.7090000000000000746069872548105195164680480957031250000
0.6764516129032257518716164668148849159479141235351562500
0.6139999999999999902300373832986224442720413208007812500
0.6919354838709677046892920770915225148200988769531250000
0.7106451612903226244810639400384388864040374755859375000
0.7893333333333334422832194832153618335723876953125000000
0.8364516129032257829578611563192680478096008300781250000
0.8573333333333333916570495603082235902547836303710937500
0.8667741935483870285850116488290950655937194824218750000
0.8793548387096774554549938329728320240974426269531250000
0.8349999999999999644728632119949907064437866210937500000
0.7480645161290323530423052034166175872087478637695312500
0.6340000000000000079936057773011270910501480102539062500
0.6948387096774193416592879657400771975517272949218750000
0.6909999999999999475974732376926112920045852661132812500
0.6738709677419355559280234047037083655595779418945312500
0.7248387096774193683046405567438341677188873291015625000
0.7853333333333333277082033418992068618535995483398437500
0.7361290322580644751582212848006747663021087646484375000
0.7953333333333333365899875389004591852426528930664062500
0.8583870967741935587014268094208091497421264648437500000
0.7725806451612904357517663811449892818927764892578125000
0.8227586206896552178946535605064127594232559204101562500
0.7641935483870968548458790792210493236780166625976562500
0.6526666666666666172247346366930287331342697143554687500
0.7261290322580644662764370877994224429130554199218750000
0.6653333333333333321490954403998330235481262207031250000
0.6396774193548386833185759314801543951034545898437500000
0.6890322580645161787415986509586218744516372680664062500
0.7736666666666666136720209578925278037786483764648437500
0.7803225806451612456271504925098270177841186523437500000
0.8293333333333333667880538087047170847654342651367187500
0.8467741935483870108214432548265904188156127929687500000
0.7825806451612904446335505781462416052818298339843750000
0.7903571428571429802190095870173536241054534912109375000
0.6277419354838710274790969378955196589231491088867187500
0.6380000000000000115463194561016280204057693481445312500
0.6706451612903225889539271520334295928478240966796875000
0.6940000000000000612843109593086410313844680786132812500
0.7070967741935483275028673233464360237121582031250000000
0.7074193548387096575069676873681601136922836303710937500
0.7376666666666666927199003112036734819412231445312500000
0.7783870967741935986694556959264446049928665161132812500
0.8133333333333333525771990935027133673429489135742187500
0.8616129032258064146532205995754338800907135009765625000
0.7629032258064516458517800856498070061206817626953125000
0.7767857142857143015746146375022362917661666870117187500
0.7529032258064516369699958886485546827316284179687500000
0.7223333333333333827752653633069712668657302856445312500
0.7119354838709677224528604710940271615982055664062500000
0.7216666666666666785090455960016697645187377929687500000
0.7541935483870968459640948822197970002889633178710937500
0.7674193548387095997753704068600200116634368896484375000
0.7943333333333333357018091192003339529037475585937500000
0.8312903225806451690260701070656068623065948486328125000
0.8603333333333332832992823568929452449083328247070312500
0.8948387096774194082726694432494696229696273803710937500
0.9080645161290323841285498929210007190704345703125000000
0.8307142857142857383934142490033991634845733642578125000
0.7829032258064516636153484796523116528987884521484375000
0.7500000000000000000000000000000000000000000000000000000
0.7454838709677419350541072162741329520940780639648437500
0.7920000000000000373034936274052597582340240478515625000
0.8170967741935483141801910278445575386285781860351562500
0.8364516129032257829578611563192680478096008300781250000
0.8653333333333332877401744553935714066028594970703125000
0.9061290322580645151262501713063102215528488159179687500
0.9043333333333334334014352862141095101833343505859375000
0.8825806451612904224290900856431107968091964721679687500
0.8641935483870968326414185867179185152053833007812500000
0.7800000000000000266453525910037569701671600341796875000
0.7980645161290322864289237259072251617908477783203125000
0.7653333333333333099446349478967022150754928588867187500
0.7341935483870968282005264882172923535108566284179687500
0.8056666666666666420937303882965352386236190795898437500
0.7632258064516129758558804496715310961008071899414062500
0.7667741935483870507894721413322258740663528442382812500
0.7963333333333334485004684211162384599447250366210937500
0.8845161290322580693867848822264932096004486083984375000
0.8723333333333334049797258558101020753383636474609375000
0.8870967741935483763526804068533238023519515991210937500
0.8403225806451612989178556745173409581184387207031250000
0.8653571428571429358100886020110920071601867675781250000
0.7661290322580645018035738758044317364692687988281250000
0.7506666666666665932439173047896474599838256835937500000
0.6835483870967742348057072376832365989685058593750000000
0.6623333333333333294845601812994573265314102172851562500
0.7445161290322580560641085867246147245168685913085937500
0.7619354838709676558394789935846347361803054809570312500
0.8153333333333333543535559329029638320207595825195312500
0.8583870967741935587014268094208091497421264648437500000
0.8506666666666666820617592748021706938743591308593750000
0.8570967741935483497073278158495668321847915649414062500
0.8283870967741936430783766809327062219381332397460937500
0.8160714285714286697626107525138650089502334594726562500
0.7706451612903225667494666595302987843751907348632812500
0.7473333333333334049797258558101020753383636474609375000
0.6883870967741936297557003854308277368545532226562500000
0.7203333333333333809989085239067208021879196166992187500
0.7196774193548387543728495074901729822158813476562500000
0.7738709677419355337235629122005775570869445800781250000
0.8003333333333333410308796374010853469371795654296875000
0.8912903225806451112944728265574667602777481079101562500
0.9273333333333333428072364768013358116149902343750000000
0.9306451612903225978357113490346819162368774414062500000
0.8122580645161290302525003426126204431056976318359375000
0.8553571428571429269283044050098396837711334228515625000
0.8067741935483870863166089293372351676225662231445312500
0.7149999999999999689137553104956168681383132934570312500
0.6974193548387096486251834903669077903032302856445312500
0.7193333333333333801107301042065955698490142822265625000
0.7693548387096774687776701284747105091810226440429687500
0.7851612903225806405771436402574181556701660156250000000
0.7133333333333332637593571234901901334524154663085937500
0.7558064516129032739399917772971093654632568359375000000
0.9233333333333333392545227980008348822593688964843750000
0.8945161290322580782685690792277455329895019531250000000
0.8403225806451612989178556745173409581184387207031250000
0.7979310344827585943505710019962862133979797363281250000
0.7935483870967742214830309421813581138849258422851562500
0.7066666666666667762086717630154453217983245849609375000
0.6893548387096773977233965524646919220685958862304687500
0.7326666666666666882790082127030473202466964721679687500
0.7477419354838710230382048393948934972286224365234375000
0.7864516129032257385489401713130064308643341064453125000
0.7706666666666666110074856987921521067619323730468750000
0.8103225806451612722725030835135839879512786865234375000
0.8590000000000000968114477473136503249406814575195312500
0.9074193548387096130980467023618984967470169067382812500
0.8487096774193548798237429764412809163331985473632812500
0.8739285714285713879689865279942750930786132812500000000
0.7138709677419354804328577301930636167526245117187500000
0.7193333333333333801107301042065955698490142822265625000
0.7590322580645161298917855674517340958118438720703125000
0.6846666666666666456464440670970361679792404174804687500
0.6735483870967742259239230406819842755794525146484375000
0.7151612903225806894269567237643059343099594116210937500
0.7953333333333333365899875389004591852426528930664062500
0.8474193548387096708296439828700385987758636474609375000
0.8609999999999999875655021241982467472553253173828125000
0.8545161290322580427414322912227362394332885742187500000
0.8512903225806451867896385010681115090847015380859375000
0.8239285714285714545823680055036675184965133666992187500
0.7722580645161289947253635546076111495494842529296875000
0.7016666666666667717677796645148191601037979125976562500
0.7906451612903225845130350535328034311532974243164062500
0.7346666666666666900553650521032977849245071411132812500
0.7867741935483870685530405353347305208444595336914062500
0.7487096774193549020282034689444117248058319091796875000
0.8013333333333334529413605196168646216392517089843750000
0.8670967741935483585891120128508191555738449096679687500
0.8379999999999999671373984710953664034605026245117187500
0.8425806451612903869019532976381015032529830932617187500
0.7945161290322581004730295717308763414621353149414062500
0.7810714285714286386763660630094818770885467529296875000
0.7596774193548387898999862954951822757720947265625000000
0.6986666666666666580809419428987894207239151000976562500
0.7245161290322580383005401927221100777387619018554687500
0.6959999999999999520383653361932374536991119384765625000
0.6858064516129032117675023982883431017398834228515625000
0.7464516129032258140441058458236511796712875366210937500
0.8123333333333333516890206738025881350040435791015625000
0.8083870967741936253148082869302015751600265502929687500
0.8323333333333333694525890678050927817821502685546875000
0.8380645161290323219560605139122344553470611572265625000
0.8506451612903225267814377730246633291244506835937500000
0.8024137931034482917880268360022455453872680664062500000
0.8225806451612903691383849036355968564748764038085937500
0.7186666666666665648222078743856400251388549804687500000
0.7080645161290323175151684154116082936525344848632812500
0.6946666666666666545282282640982884913682937622070312500
0.6383870967741935853467794004245661199092864990234375000
0.7419354838709677490982130620977841317653656005859375000
0.7613333333333334174142237316118553280830383300781250000
0.8164516129032257651942927623167634010314941406250000000
0.8556666666666666865026513733027968555688858032226562500
0.9470967741935483186210831263451837003231048583984375000
0.9141935483870967660280371092085260897874832153320312500
0.8585714285714286519990423585113603621721267700195312500
0.8245161290322581271183821627346333116292953491210937500
0.7823333333333333250436680827988311648368835449218750000
0.8003225806451612633907188865123316645622253417968750000
0.7603333333333333055037428493960760533809661865234375000
0.7596774193548387898999862954951822757720947265625000000
0.7661290322580645018035738758044317364692687988281250000
0.8209999999999999520383653361932374536991119384765625000
0.8322580645161289369937662740994710475206375122070312500
0.8493333333333333845516222027072217315435409545898437500
0.8599999999999999866773237044981215149164199829101562500
0.8680645161290323486014131049159914255142211914062500000
0.8314285714285714057325549219967797398567199707031250000
0.7903225806451612545089346895110793411731719970703125000
0.7510000000000000008881784197001252323389053344726562500
0.7119354838709677224528604710940271615982055664062500000
0.7183333333333332682002492219908162951469421386718750000
0.7541935483870968459640948822197970002889633178710937500
0.7796774193548386966412522269820328801870346069335937500
0.7966666666666667451224270735110621899366378784179687500
0.8451612903225806938678488222649320960044860839843750000
0.8856666666666666021257015017908997833728790283203125000
0.8683870967741935675832110064220614731311798095703125000
0.8612903225806451956714226980693638324737548828125000000
0.7635714285714286786443949495151173323392868041992187500
0.8009677419354838123766171520401258021593093872070312500
0.7373333333333333960979416588088497519493103027343750000
0.7064516129032257785169690578186418861150741577148437500
0.7106666666666666687390829793002922087907791137695312500
0.6948387096774193416592879657400771975517272949218750000
0.7158064516129032384128549892921000719070434570312500000
0.8196666666666666545282282640982884913682937622070312500
0.8329032258064517080242694646585732698440551757812500000
0.8753333333333332966219586523948237299919128417968750000
0.8164516129032257651942927623167634010314941406250000000
0.8225806451612903691383849036355968564748764038085937500
0.8534482758620689502038203499978408217430114746093750000
0.6883870967741936297557003854308277368545532226562500000
0.6593333333333334378423273847147356718778610229492187500
0.6987096774193548576192824839381501078605651855468750000
0.6916666666666667628859954675135668367147445678710937500
0.7025806451612903735792770021362230181694030761718750000
0.8022580645161290213707161456113681197166442871093750000
0.7816666666666667317997507780091837048530578613281250000
0.8622580645161289636391188651032280176877975463867187500
0.8933333333333333126091702069970779120922088623046875000
0.8732258064516129625332041541696526110172271728515625000
0.8974193548387096042162625053606461733579635620117187500
0.7971428571428571530077533680014312267303466796875000000
0.7348387096774193771864247537450864911079406738281250000
0.6620000000000000328626015289046335965394973754882812500
0.6832258064516130158239093361771665513515472412109375000
0.7043333333333333667880538087047170847654342651367187500
0.6564516129032257341080480728123802691698074340820312500
0.6941935483870967926733897002122830599546432495117187500
0.7206666666666666776208671763015445321798324584960937500
0.7932258064516130025012330406752880662679672241210937500
0.8046666666666667522278544311120640486478805541992187500
0.8948387096774194082726694432494696229696273803710937500
0.8696774193548387765773099999933037906885147094726562500
0.7867857142857143104563988345034886151552200317382812500
0.7783870967741935986694556959264446049928665161132812500
0.7313333333333333907688711406080983579158782958984375000
0.7229032258064517213469457601604517549276351928710937500
0.6996666666666666589691203625989146530628204345703125000
0.7345161290322580471823243897233624011278152465820312500
0.8248387096774193461001800642407033592462539672851562500
0.7640000000000001234568003383174072951078414916992187500
0.8151612903225806672224962312611751258373260498046875000
0.8370000000000000772715225139108952134847640991210937500
0.8580645161290323397196289079147391021251678466796875000
0.8341935483870968059960659957141615450382232666015625000
0.8082142857142856628982485744927544146776199340820312500
0.7477419354838710230382048393948934972286224365234375000
0.6833333333333333481363069950020872056484222412109375000
0.6890322580645161787415986509586218744516372680664062500
0.7190000000000000834887714518117718398571014404296875000
0.6406451612903225623085745610296726226806640625000000000
0.6864516129032257607534006638161372393369674682617187500
0.7856666666666666243301619942940305918455123901367187500
0.7648387096774194038317773447488434612751007080078125000
0.8370000000000000772715225139108952134847640991210937500
0.8741935483870968415232027837191708385944366455078125000
0.8567741935483870197032274518278427422046661376953125000
0.8744827586206896929965637355053331702947616577148437500
0.6796774193548387188457127194851636886596679687500000000
0.7733333333333333170500623054977040737867355346679687500
0.7861290322580645195671422698069363832473754882812500000
0.6809999999999999387156890406913589686155319213867187500
0.7509677419354838789899986295495182275772094726562500000
0.7154838709677419084087546252703759819269180297851562500
0.7900000000000000355271367880050092935562133789062500000
0.8532258064516129447696357601671479642391204833984375000
0.8963333333333334262960079286131076514720916748046875000
0.8554838709677419217314309207722544670104980468750000000
0.9167741935483870729939326338353566825389862060546875000
0.8514285714285714234961233159992843866348266601562500000
0.7635483870967743058599808136932551860809326171875000000
0.7290000000000000923705556488130241632461547851562500000
0.6567741935483870641121484368341043591499328613281250000
0.7566666666666667095952902855060528963804244995117187500
0.7048387096774193505410721627413295209407806396484375000
0.6367741935483871573708825053472537547349929809570312500
0.7413333333333333996506553376093506813049316406250000000
0.8022580645161290213707161456113681197166442871093750000
0.7653333333333333099446349478967022150754928588867187500
0.8864516129032258273667821413255296647548675537109375000
0.9180645161290322819880316274065990000963211059570312500
0.8296428571428571263624007769976742565631866455078125000
0.7119354838709677224528604710940271615982055664062500000
0.6316666666666667095952902855060528963804244995117187500
0.6861290322580645417716027623100671917200088500976562500
0.7266666666666666829499376945022959262132644653320312500
0.7341935483870968282005264882172923535108566284179687500
0.7541935483870968459640948822197970002889633178710937500
0.7996666666666667477869623326114378869533538818359375000
0.7938709677419355514871313062030822038650512695312500000
0.8646666666666666944962571506039239466190338134765625000
0.7980645161290322864289237259072251617908477783203125000
0.8409677419354838479037539400451350957155227661132812500
0.6978571428571429535736569960135966539382934570312500000
0.7351612903225807071905251177668105810880661010742187500
0.6763333333333334529413605196168646216392517089843750000
0.6490322580645161432144618629536125808954238891601562500
0.7386666666666665825857762683881446719169616699218750000
0.7122580645161289414346583726000972092151641845703125000
0.7158064516129032384128549892921000719070434570312500000
0.7199999999999999733546474089962430298328399658203125000
0.8267741935483871040801773233397398144006729125976562500
0.8570000000000000950350909079133998602628707885742187500
0.8635483870967742836555203211901243776082992553710937500
0.7851612903225806405771436402574181556701660156250000000
0.8434482758620689413220361529965884983539581298828125000
0.5987096774193547688014405139256268739700317382812500000
0.6263333333333332975101370720949489623308181762695312500
0.6161290322580644795991133833013009279966354370117187500
0.5563333333333333463599501556018367409706115722656250000
0.6087096774193547776832247109268791973590850830078125000
0.6983870967741936386374845824320800602436065673828125000
0.8156666666666666509755145852977875620126724243164062500
0.8541935483870968237596343897166661918163299560546875000
0.8783333333333332992864939114951994270086288452148437500
0.8687096774193548975873113704437855631113052368164062500
0.8912903225806451112944728265574667602777481079101562500
0.8214285714285713968507707249955274164676666259765625000
0.7445161290322580560641085867246147245168685913085937500
0.7443333333333334023151905967097263783216476440429687500
0.6264516129032258184849979443242773413658142089843750000
0.6480000000000000204281036531028803437948226928710937500
0.6341935483870968504049869807204231619834899902343750000
0.7419354838709677490982130620977841317653656005859375000
0.7443333333333334023151905967097263783216476440429687500
0.8735483870967742925373045181913767009973526000976562500
0.8013333333333334529413605196168646216392517089843750000
0.8948387096774194082726694432494696229696273803710937500
0.8261290322580645550942790578119456768035888671875000000
0.8364285714285714101734470204974059015512466430664062500
0.7554838709677419439358914132753852754831314086914062500
0.6370000000000000106581410364015027880668640136718750000
0.6706451612903225889539271520334295928478240966796875000
0.6323333333333333028392075902957003563642501831054687500
0.6612903225806451290580412205599714070558547973632812500
0.6800000000000000488498130835068877786397933959960937500
0.7566666666666667095952902855060528963804244995117187500
0.8422580645161289458755504711007233709096908569335937500
0.8866666666666667140361823840066790580749511718750000000
0.8225806451612903691383849036355968564748764038085937500
0.8683870967741935675832110064220614731311798095703125000
0.8185714285714286164719055705063510686159133911132812500
0.7622580645161289858435793576063588261604309082031250000
0.7046666666666666634100124610995408147573471069335937500
0.5683870967741935231742900214157998561859130859375000000
0.6686666666666666314355893518950324505567550659179687500
0.7374193548387095731300178158562630414962768554687500000
0.7119354838709677224528604710940271615982055664062500000
0.7720000000000000195399252334027551114559173583984375000
0.7483870967741935720241031049226876348257064819335937500
0.8880000000000000115463194561016280204057693481445312500
0.8103225806451612722725030835135839879512786865234375000
0.8535483870967742747737361241888720542192459106445312500
0.7606896551724138255679008580045774579048156738281250000
0.7696774193548386877594680299807805567979812622070312500
0.7359999999999999875655021241982467472553253173828125000
0.5938709677419354848737498286936897784471511840820312500
0.6169999999999999928945726423989981412887573242187500000
0.6567741935483870641121484368341043591499328613281250000
0.6725806451612904579562268736481200903654098510742187500
0.7940000000000000390798504668055102229118347167968750000
0.8119354838709677002483999785908963531255722045898437500
0.8420000000000000817124146124115213751792907714843750000
0.8209677419354838301401855460426304489374160766601562500
0.8145161290322581182365979657333809882402420043945312500
0.7735714285714285765038766840007156133651733398437500000
0.7032258064516129225651752676640171557664871215820312500
0.6236666666666667024898629279050510376691818237304687500
0.6096774193548387676955258029920514672994613647460937500
0.6809999999999999387156890406913589686155319213867187500
0.7222580645161289503164425696013495326042175292968750000
0.7158064516129032384128549892921000719070434570312500000
0.8266666666666667717677796645148191601037979125976562500
0.8332258064516129270060673661646433174610137939453125000
0.8476666666666666793972240157017949968576431274414062500
0.8570967741935483497073278158495668321847915649414062500
0.8490322580645162098278433404630050063133239746093750000
0.8182142857142856717800327714940067380666732788085937500
0.7254838709677419172905388222716283053159713745117187500
0.6340000000000000079936057773011270910501480102539062500
0.5567741935483870863166089293372351676225662231445312500
0.6556666666666666198892698957934044301509857177734375000
0.6629032258064516680562405781529378145933151245117187500
0.6858064516129032117675023982883431017398834228515625000
0.7610000000000000097699626167013775557279586791992187500
0.8187096774193548531783903854375239461660385131835937500
0.8573333333333333916570495603082235902547836303710937500
0.8535483870967742747737361241888720542192459106445312500
0.7812903225806451246171491220593452453613281250000000000
0.7582142857142857295116300520021468400955200195312500000
0.7319354838709677402164288650965318083763122558593750000
0.7273333333333333872161574618075974285602569580078125000
0.6500000000000000222044604925031308084726333618164062500
0.6653333333333333321490954403998330235481262207031250000
0.5564516129032258673348110278311651200056076049804687500
0.6745161290322581049139216702315025031566619873046875000
0.6800000000000000488498130835068877786397933959960937500
0.7703225806451613477676687580242287367582321166992187500
0.8136666666666666491991577458975370973348617553710937500
0.8251612903225806761042804282624274492263793945312500000
0.8132258064516130202648014346777927130460739135742187500
0.7851724137931035407689250860130414366722106933593750000
0.6532258064516129891785567451734095811843872070312500000
0.6386666666666667158125392234069295227527618408203125000
0.6548387096774194171544536402507219463586807250976562500
0.6013333333333333863279790421074721962213516235351562500
0.6654838709677419750221361027797684073448181152343750000
0.6416129032258064412985731905791908502578735351562500000
0.7806666666666666198892698957934044301509857177734375000
0.7848387096774194215953457387513481080532073974609375000
0.8256666666666666598572987822990398854017257690429687500
0.8683870967741935675832110064220614731311798095703125000
0.7809677419354839056353512205532751977443695068359375000
0.7249999999999999777955395074968691915273666381835937500
0.7767741935483870596712563383334781974554061889648437500
0.6466666666666667229179665810079313814640045166015625000
0.6274193548387096974749965738737955689430236816406250000
0.6473333333333333161618838857975788414478302001953125000
0.6093548387096774376914254389703273773193359375000000000
0.6912903225806451557033938115637283772230148315429687500
0.7326666666666666882790082127030473202466964721679687500
0.8361290322580644529537607922975439578294754028320312500
0.8486666666666665692630999728862661868333816528320312500
0.8793548387096774554549938329728320240974426269531250000
0.7974193548387096264207229978637769818305969238281250000
0.7553571428571429491327648975129704922437667846679687500
0.7280645161290323352787368094141129404306411743164062500
0.6750000000000000444089209850062616169452667236328125000
0.6680645161290322819880316274065990000963211059570312500
0.6196666666666666989371492491045501083135604858398437500
0.5899999999999999689137553104956168681383132934570312500
0.6945161290322581226774900642340071499347686767578125000
0.7106666666666666687390829793002922087907791137695312500
0.7687096774193549197917718629469163715839385986328125000
0.8903333333333333099446349478967022150754928588867187500
0.8370967741935483319437594218470621854066848754882812500
0.8029032258064516813789168736548162996768951416015625000
0.8514285714285714234961233159992843866348266601562500000
0.6841935483870967837916055032110307365655899047851562500
0.6326666666666667104834687052061781287193298339843750000
0.6964516129032257696351848608173895627260208129882812500
0.6836666666666666447582656473969109356403350830078125000
0.6600000000000000310862446895043831318616867065429687500
0.7274193548387096752705360813706647604703903198242187500
0.7856666666666666243301619942940305918455123901367187500
0.8232258064516129181242831691633909940719604492187500000
0.8923333333333333117209917872969526797533035278320312500
0.8609677419354838656673223340476397424936294555664062500
0.8716129032258064235350047965766862034797668457031250000
0.8310344827586206850611461049993522465229034423828125000
0.8229032258064516991424852676573209464550018310546875000
0.6866666666666667584451033690129406750202178955078125000
0.6648387096774194260362378372519742697477340698242187500
0.7003333333333333632353401299042161554098129272460937500
0.6919354838709677046892920770915225148200988769531250000
0.7361290322580644751582212848006747663021087646484375000
0.8076666666666666438700872276967857033014297485351562500
0.8416129032258063968896522055729292333126068115234375000
0.8633333333333332859638176159933209419250488281250000000
0.8654838709677419306132151177735067903995513916015625000
0.8964516129032258362485663383267819881439208984375000000
0.8367857142857143548653198195097502321004867553710937500
0.7441935483870968370823106852185446768999099731445312500
0.7613333333333334174142237316118553280830383300781250000
0.6764516129032257518716164668148849159479141235351562500
0.7333333333333332815229255174926947802305221557617187500
0.7119354838709677224528604710940271615982055664062500000
0.7158064516129032384128549892921000719070434570312500000
0.8273333333333333650116969693044666200876235961914062500
0.8561290322580644707173291863000486046075820922851562500
0.8446666666666666767326887566014192998409271240234375000
0.8745161290322580605050006852252408862113952636718750000
0.8761290322580644884808975803025532513856887817382812500
0.8125000000000000000000000000000000000000000000000000000
0.7151612903225806894269567237643059343099594116210937500
0.7453333333333332921810665538941975682973861694335937500
0.6361290322580644973626817773038055747747421264648437500
0.7376666666666666927199003112036734819412231445312500000
0.6454838709677419572585677087772637605667114257812500000
0.6541935483870967571462529122072737663984298706054687500
0.8000000000000000444089209850062616169452667236328125000
0.8558064516129032517355312847939785569906234741210937500
0.9050000000000000266453525910037569701671600341796875000
0.9067741935483870641121484368341043591499328613281250000
0.8161290322580645462124948608106933534145355224609375000
0.8392857142857143015746146375022362917661666870117187500
0.8629032258064517346696220556623302400112152099609375000
0.7390000000000001012523398458142764866352081298828125000
0.7516129032258064279758968950773123651742935180664062500
0.7373333333333333960979416588088497519493103027343750000
0.7616129032258064368576810920785646885633468627929687500
0.7351612903225807071905251177668105810880661010742187500
0.7840000000000000301980662698042578995227813720703125000
0.8325806451612903780201691006368491798639297485351562500
0.9363333333333334618231447166181169450283050537109375000
0.8974193548387096042162625053606461733579635620117187500
0.8800000000000000044408920985006261616945266723632812500
0.8531034482758620418607620194961782544851303100585937500
0.7825806451612904446335505781462416052818298339843750000
0.7216666666666666785090455960016697645187377929687500000
0.6354838709677419483767835117760114371776580810546875000
0.7056666666666666642981908807996660470962524414062500000
0.6796774193548387188457127194851636886596679687500000000
0.6580645161290322731062474304053466767072677612304687500
