0.1300000000000000044408920985006261616945266723632812500
0.4349999999999999977795539507496869191527366638183593750
0.5122580645161290968658818201220128685235977172851562500
0.2926666666666666860585621634527342393994331359863281250
0.2590322580645161298917855674517340958118438720703125000
0.0826666666666666799523355280143732670694589614868164062
0.2790322580645161476553539614542387425899505615234375000
0.3919354838709677713026735546009149402379989624023437500
0.5496666666666667477869623326114378869533538818359375000
0.0935483870967741965030128881153359543532133102416992188
0.2316666666666666873908297930029220879077911376953125000
0.1474193548387096874829893522473867051303386688232421875
0.2816129032258064546212494860810693353414535522460937500
0.5746428571428571219215086784970480948686599731445312500
0.2580645161290322509017869379022158682346343994140625000
0.4286666666666666958285247801541117951273918151855468750
0.2096774193548387177354896948600071482360363006591796875
0.3256666666666667153684500135568669065833091735839843750
0.3945161290322580782685690792277455329895019531250000000
0.4538709677419355270622247644496383145451545715332031250
0.4236666666666666913876326816534856334328651428222656250
0.1396774193548387110741515471090679056942462921142578125
0.1786666666666666680729491645251982845366001129150390625
0.3006451612903225933948192505340557545423507690429687500
0.4429032258064515836792907066410407423973083496093750000
0.1192857142857142865866038050626229960471391677856445312
0.4283870967741935098516137259139213711023330688476562500
0.2896666666666666833940269043523585423827171325683593750
0.2848387096774193660841945074935210868716239929199218750
0.1596666666666666789531348058517323806881904602050781250
0.4899999999999999911182158029987476766109466552734375000
0.4370967741935484207616013918595854192972183227539062500
0.4620000000000000217603712826530681923031806945800781250
0.2880645161290322220359882976481458172202110290527343750
0.1499999999999999944488848768742172978818416595458984375
0.2412903225806451723567391809410764835774898529052734375
0.0838709677419354759919656316924374550580978393554687500
0.1689285714285714279370154144999105483293533325195312500
0.1400000000000000133226762955018784850835800170898437500
0.3386666666666666714036182384006679058074951171875000000
0.2754838709677419061883085760200629010796546936035156250
0.4013333333333333197145975645980797708034515380859375000
0.4787096774193548287534838436840800568461418151855468750
0.3493548387096774288096412419690750539302825927734375000
0.2506666666666666487550685360474744811654090881347656250
0.2212903225806451545931707869385718367993831634521484375
0.2700000000000000177635683940025046467781066894531250000
0.1996774193548387366092811134876683354377746582031250000
0.1529032258064516314188807655227719806134700775146484375
0.1203448275862069039021662320010364055633544921875000000
0.1406451612903225900641501766585861332714557647705078125
0.2393333333333333423631472669512731954455375671386718750
0.4529032258064515925610749036422930657863616943359375000
0.2653333333333333654557861791545292362570762634277343750
0.3093548387096773932825044539640657603740692138671875000
0.6161290322580644795991133833013009279966354370117187500
0.1980000000000000093258734068513149395585060119628906250
0.3816129032258064879279402248357655480504035949707031250
0.1866666666666666751783765221262001432478427886962890625
0.3961290322580645062444659743050578981637954711914062500
0.0309677419354838709408817010171333095058798789978027344
0.0617857142857142910274959035632491577416658401489257812
0.3006451612903225933948192505340557545423507690429687500
0.2153333333333333488024408097771811299026012420654296875
0.9454838709677418906451862312678713351488113403320312500
0.3806666666666667087071118658059276640415191650390625000
0.4358064516129032117675023982883431017398834228515625000
0.3867741935483871018597312740894267335534095764160156250
0.4023333333333333761139272155560320243239402770996093750
0.2074193548387096852625433029970736242830753326416015625
0.1776666666666666671847707448250730521976947784423828125
0.1354838709677419483767835117760114371776580810546875000
0.0519354838709677399388731089402426732704043388366699219
0.0942857142857142921377189281884056981652975082397460938
0.0967741935483871079659579095277877058833837509155273438
0.1706666666666666609675218069241964258253574371337890625
0.3048387096774193838477629014960257336497306823730468750
0.3866666666666666585250311527488520368933677673339843750
0.7632258064516129758558804496715310961008071899414062500
0.5303225806451612456271504925098270177841186523437500000
0.2310000000000000108801856413265340961515903472900390625
0.2867741935483870685530405353347305208444595336914062500
0.3240000000000000102140518265514401718974113464355468750
0.4212903225806451934509766488190507516264915466308593750
0.1306451612903225811823659796573338098824024200439453125
0.1478571428571428814091603953784215264022350311279296875
0.1209677419354838884268943388633488211780786514282226562
0.2650000000000000133226762955018784850835800170898437500
0.3029032258064516258677656423969892784953117370605468750
0.5146666666666667167007176431070547550916671752929687500
0.2338709677419354981964261241955682635307312011718750000
0.3180645161290322486813408886519027873873710632324218750
0.2363333333333333396986120078508974984288215637207031250
0.1499999999999999944488848768742172978818416595458984375
0.1590000000000000024424906541753443889319896697998046875
0.3225806451612903136272336723777698352932929992675781250
0.2119354838709677502084360867229406721889972686767578125
0.0389655172413793104979617965000215917825698852539062500
0.1461290322580645340000415899339714087545871734619140625
0.1676666666666666583029865478238207288086414337158203125
0.1032258064516129031362723367237776983529329299926757812
0.5936666666666666758445103369012940675020217895507812500
0.5451612903225806494589278372586704790592193603515625000
0.4829032258064516192064274946460500359535217285156250000
0.2093333333333333434733702915764297358691692352294921875
0.4293548387096774443527635867212666198611259460449218750
0.1403333333333333377002105635256157256662845611572265625
0.1958064516129032484048622109185089357197284698486328125
0.0393548387096774240911933873121597571298480033874511719
0.0707142857142857156338422441876900848001241683959960938
0.1916129032258064579519185599565389566123485565185546875
0.0440000000000000043853809472693683346733450889587402344
0.3867741935483871018597312740894267335534095764160156250
0.1886666666666666769547333615264506079256534576416015625
0.5861290322580644529537607922975439578294754028320312500
0.3390322580645161454349079122039256617426872253417968750
0.2943333333333333357018091192003339529037475585937500000
0.2164516129032258151543288704488077200949192047119140625
0.3313333333333333130532594168471405282616615295410156250
0.2961290322580645284489264668081887066364288330078125000
0.1609677419354838823206677034249878488481044769287109375
0.0524999999999999980571097069059760542586445808410644531
0.1703225806451612867054024036406190134584903717041015625
0.3623333333333333405867904275510227307677268981933593750
0.1051612903225806472384817880083573982119560241699218750
0.7850000000000000310862446895043831318616867065429687500
0.3725806451612903025250034261262044310569763183593750000
0.5654838709677418862042941327672451734542846679687500000
0.1256666666666666765106441516763879917562007904052734375
0.1893548387096773977233965524646919220685958862304687500
0.1253333333333333243775342680237372405827045440673828125
0.3890322580645161898438288972101872786879539489746093750
0.0387096774193548404108256022482237312942743301391601562
0.0760714285714285676220924869994632899761199951171875000
0.3077419354838709653066075588867533951997756958007812500
0.1290000000000000035527136788005009293556213378906250000
0.4596774193548387454910653104889206588268280029296875000
0.1180000000000000076605388699135801289230585098266601562
0.2838709677419354870941958779440028592944145202636718750
0.6829032258064516858198089721554424613714218139648437500
0.2030000000000000137667655053519411012530326843261718750
0.2916129032258064635030336830823216587305068969726562500
0.3033333333333333436954148965014610439538955688476562500
0.2532258064516129114629450214124517515301704406738281250
0.2022580645161290435751766381144989281892776489257812500
0.2648275862068965591511471302510472014546394348144531250
0.2190322580645161221202243950756383128464221954345703125
0.3666666666666666407614627587463473901152610778808593750
0.2203225806451612756031721573890536092221736907958984375
0.4400000000000000022204460492503130808472633361816406250
0.5741935483870967971142817987129092216491699218750000000
0.6370967741935483763526804068533238023519515991210937500
0.4333333333333333481363069950020872056484222412109375000
0.0977419354838709592003809234483924228698015213012695312
0.2310000000000000108801856413265340961515903472900390625
0.0606451612903225814599217358136229449883103370666503906
0.0848387096774193549819642612419556826353073120117187500
0.4639285714285714679050443010055460035800933837890625000
0.2754838709677419061883085760200629010796546936035156250
0.1936666666666666813956254600270767696201801300048828125
0.2719354838709677757435656531015411019325256347656250000
0.5923333333333333783343732648063451051712036132812500000
0.6374193548387097063567807708750478923320770263671875000
0.4058064516129031851221498072845861315727233886718750000
0.4786666666666666847262945339025463908910751342773437500
0.1900000000000000022204460492503130808472633361816406250
0.0876666666666666705154398187005426734685897827148437500
0.1687096774193548309739298929343931376934051513671875000
0.2064516129032258062725446734475553967058658599853515625
0.0210714285714285708139836827967883436940610408782958984
0.1358064516129032228697326445399085059762001037597656250
0.4150000000000000355271367880050092935562133789062500000
0.2922580645161290680000831798679428175091743469238281250
0.5146666666666667167007176431070547550916671752929687500
0.6764516129032257518716164668148849159479141235351562500
0.7954838709677419794630282012803945690393447875976562500
0.4573333333333333694525890678050927817821502685546875000
0.3025806451612903513748165096330922096967697143554687500
0.2010000000000000119904086659516906365752220153808593750
0.0267741935483870943657258578696200856938958168029785156
0.2603225806451612833747333297651493921875953674316406250
0.1096428571428571391299655601869744714349508285522460938
0.1774193548387096863727663276222301647067070007324218750
0.2530000000000000026645352591003756970167160034179687500
0.2451612903225806328055824678813223727047443389892578125
0.3366666666666666696272613990004174411296844482421875000
0.5403225806451612545089346895110793411731719970703125000
0.4241935483870968304209725374676054343581199645996093750
0.2130000000000000226485497023531934246420860290527343750
0.1416129032258064690541488062081043608486652374267578125
0.1076666666666666744012204048885905649513006210327148438
0.3951612903225806272544673447555396705865859985351562500
0.4077419354838709431021470663836225867271423339843750000
0.4179310344827586454208301347534870728850364685058593750
0.1651612903225806450180357387580443173646926879882812500
0.1993333333333333345915860945751774124801158905029296875
0.1825806451612903280601329925048048608005046844482421875
1.1713333333333333374781659586005844175815582275390625000
0.3474193548387096708296439828700385987758636474609375000
0.1087096774193548470721637499991629738360643386840820312
0.4816666666666666318796785617450950667262077331542968750
0.2306451612903226144890567184120300225913524627685546875
0.1413333333333333385883889832257409580051898956298828125
0.1632258064516129147936140952879213728010654449462890625
0.3080645161290322397995566916506504639983177185058593750
0.2796428571428571374646310232492396607995033264160156250
0.1812903225806451745771852301913895644247531890869140625
0.0220000000000000021926904736346841673366725444793701172
0.5374193548387097285612412633781787008047103881835937500
0.4883333333333333414749688472511479631066322326660156250
0.5261290322580645106853580728056840598583221435546875000
0.0764516129032258157094403827613859903067350387573242188
0.3529999999999999804600747665972448885440826416015625000
0.2777419354838709941724061991408234462141990661621093750
0.3396666666666666722917966581007931381464004516601562500
0.0512903225806451631973992277835350250825285911560058594
0.0416129032258064496252458752678649034351110458374023438
0.1785714285714285753936536593755590729415416717529296875
0.1958064516129032484048622109185089357197284698486328125
0.2149999999999999966693309261245303787291049957275390625
0.4158064516129031940039340042858384549617767333984375000
0.3770000000000000572875080706580774858593940734863281250
0.4609677419354838434628618415445089340209960937500000000
0.4841935483870968282005264882172923535108566284179687500
0.4216666666666666341001246109954081475734710693359375000
0.3864516129032258273667821413255296647548675537109375000
0.0716666666666666701823729113129957113415002822875976562
0.1577419354838709708577226820125360973179340362548828125
0.1445161290322580505129934635988320223987102508544921875
0.0871428571428571330237389247486134991049766540527343750
0.3370967741935483874549106531048892065882682800292968750
0.2880000000000000337507799486047588288784027099609375000
0.3706451612903225445450061670271679759025573730468750000
0.3150000000000000022204460492503130808472633361816406250
0.3261290322580644995831278265541186556220054626464843750
0.4016129032258065056915086188382701948285102844238281250
0.1183333333333333459158609457517741248011589050292968750
0.3122580645161290302525003426126204431056976318359375000
0.0986666666666666802854024354019202291965484619140625000
0.3948387096774193527615182119916426017880439758300781250
0.2577419354838709764088378051383187994360923767089843750
0.0506896551724137917060986069373029749840497970581054688
0.4041935483870968126574041434651007875800132751464843750
0.3420000000000000262012633811536943539977073669433593750
0.5938709677419354848737498286936897784471511840820312500
0.3920000000000000150990331349021289497613906860351562500
0.2841935483870967615871450107078999280929565429687500000
0.9358064516129032117675023982883431017398834228515625000
0.3423333333333333228232220335485180839896202087402343750
0.0351612903225806475160375441646465333178639411926269531
0.1056666666666666726248635654883401002734899520874023438
0.0577419354838709722455014627939817728474736213684082031
0.1132258064516128981402687259105732664465904235839843750
0.3310714285714285720629845855000894516706466674804687500
0.2967741935483870774348247323359828442335128784179687500
0.2396666666666666667406815349750104360282421112060546875
0.7987096774193549464371244539506733417510986328125000000
0.4636666666666666714036182384006679058074951171875000000
0.9845161290322580471823243897233624011278152465820312500
0.4512903225806452200963292398228077217936515808105468750
0.4316666666666666429819088079966604709625244140625000000
0.1648387096774193705250866059941472485661506652832031250
0.0596666666666666664631257788187213009223341941833496094
0.0580645161290322606162384033723355969414114952087402344
0.1522580645161290546774068843660643324255943298339843750
0.1489285714285714379290226361263194121420383453369140625
0.1448387096774193527615182119916426017880439758300781250
0.1926666666666666527518714246980380266904830932617187500
0.3541935483870968237596343897166661918163299560546875000
0.2203333333333333532433329082778072915971279144287109375
0.5119354838709677668617814561002887785434722900390625000
0.3080645161290322397995566916506504639983177185058593750
0.1369999999999999829025654207725892774760723114013671875
0.1609677419354838823206677034249878488481044769287109375
0.0666666666666666657414808128123695496469736099243164062
0.1245161290322580605050006852252408862113952636718750000
0.2445161290322580838196842023535282351076602935791015625
0.1342857142857142860314922927500447258353233337402343750
0.1509677419354838734388835064237355254590511322021484375
0.6079999999999999849009668650978710502386093139648437500
0.4064516129032258451303505353280343115329742431640625000
0.3546666666666666856144729536026716232299804687500000000
0.4522580645161290435751766381144989281892776489257812500
0.5377419354838709475430391648842487484216690063476562500
1.0973333333333332717529629007913172245025634765625000000
0.1232258064516129070220529229118255898356437683105468750
0.1380000000000000115463194561016280204057693481445312500
0.1541935483870967849018285278361872769892215728759765625
0.3783870967741935209538439721654867753386497497558593750
0.1828571428571428569842538536249776370823383331298828125
0.3387096774193548154308075481822015717625617980957031250
0.2176666666666666749563319172011688351631164550781250000
0.2503225806451612744929491327638970687985420227050781250
0.3853333333333333055037428493960760533809661865234375000
0.3009677419354838678877683832979528233408927917480468750
0.2103225806451612944769635760167147964239120483398437500
0.1326666666666666827278930895772646181285381317138671875
0.3322580645161290480160687366151250898838043212890625000
0.2226666666666666516416484000728814862668514251708984375
0.2474193548387096930341044753731694072484970092773437500
0.0883870967741935409378584154183045029640197753906250000
0.1567857142857142782599311203739489428699016571044921875
0.1719354838709677701924505299757583998143672943115234375
0.3856666666666667131480039643065538257360458374023437500
0.1412903225806451668056240578152937814593315124511718750
0.2863333333333333285963817615993320941925048828125000000
0.4512903225806452200963292398228077217936515808105468750
0.2838709677419354870941958779440028592944145202636718750
0.1253333333333333243775342680237372405827045440673828125
0.1393548387096774365812024143451708368957042694091796875
0.2789999999999999702460229400458047166466712951660156250
0.1938709677419354904248649518194724805653095245361328125
0.2109677419354838712184374571734224446117877960205078125
0.0760714285714285676220924869994632899761199951171875000
0.3009677419354838678877683832979528233408927917480468750
0.1143333333333333423631472669512731954455375671386718750
0.4406451612903225512063443147781072184443473815917968750
0.3483333333333333836634437830070964992046356201171875000
0.5925806451612903869019532976381015032529830932617187500
0.2470967741935483907855797269803588278591632843017578125
0.1933333333333333292625155763744260184466838836669921875
0.2396774193548387166252666702348506078124046325683593750
0.0139999999999999985567100679872964974492788314819335938
0.2022580645161290435751766381144989281892776489257812500
0.2235483870967742148216927944304188713431358337402343750
0.1375000000000000111022302462515654042363166809082031250
0.0935483870967741965030128881153359543532133102416992188
0.4139999999999999791278071370470570400357246398925781250
0.1748387096774193516512951873664860613644123077392578125
0.2260000000000000064392935428259079344570636749267578125
0.7638709677419355248417787151993252336978912353515625000
0.3558064516129031962243800535361515358090400695800781250
0.1746666666666666645202354857246973551809787750244140625
0.2912903225806451890100845503184245899319648742675781250
0.3046666666666666412055519685964100062847137451171875000
0.0670967741935483974469178747312980704009532928466796875
0.0609677419354838698306586763919767690822482109069824219
0.2141379310344827813228363311282009817659854888916015625
0.1296774193548387021923673501078155823051929473876953125
0.2743333333333333179382407251978293061256408691406250000
0.2135483870967742059399085974291665479540824890136718750
0.3486666666666666802854024354019202291965484619140625000
0.1545161290322580593947776606000843457877635955810546875
0.2225806451612903358316941648809006437659263610839843750
0.3099999999999999977795539507496869191527366638183593750
0.4012903225806452311985594860743731260299682617187500000
0.1926666666666666527518714246980380266904830932617187500
0.1996774193548387366092811134876683354377746582031250000
0.2377419354838709586452694111358141526579856872558593750
0.2371428571428571552281994172517443075776100158691406250
0.2938709677419354959759800749452551826834678649902343750
0.3736666666666667024898629279050510376691818237304687500
0.2383870967741935631423189079214353114366531372070312500
0.1773333333333333428072364768013358116149902343750000000
0.1806451612903225978357113490346819162368774414062500000
0.6148387096774193816273168522457126528024673461914062500
0.2113333333333333452497271309766802005469799041748046875
0.4058064516129031851221498072845861315727233886718750000
0.3273333333333333650116969693044666200876235961914062500
0.1090322580645161215651128827630600426346063613891601562
0.1787096774193548398557140899356454610824584960937500000
0.1721428571428571530077533680014312267303466796875000000
0.2561290322580645484329409100610064342617988586425781250
0.1493333333333333456938163408267428167164325714111328125
0.3580645161290322286973264453990850597620010375976562500
0.4873333333333333405867904275510227307677268981933593750
0.6722580645161290169298240471107419580221176147460937500
0.2696774193548387432706192612386075779795646667480468750
0.6156666666666666953844355703040491789579391479492187500
0.1387096774193548320841529175595496781170368194580078125
0.2106666666666666687390829793002922087907791137695312500
0.3316129032258064990301704710873309522867202758789062500
0.3590322580645161631984763062064303085207939147949218750
0.0964285714285714190552312174986582249402999877929687500
0.2383870967741935631423189079214353114366531372070312500
0.2753333333333333743375703761557815596461296081542968750
0.1809677419354838723286604817985789850354194641113281250
0.4260000000000000452970994047063868492841720581054687500
0.8561290322580644707173291863000486046075820922851562500
0.3361290322580645084649120235553709790110588073730468750
0.4346666666666667011575952983548631891608238220214843750
0.2041935483870967737995982815846218727529048919677734375
0.0859999999999999931166172473240294493734836578369140625
0.2793548387096774221483030942181358113884925842285156250
0.1467741935483871107415154710906790569424629211425781250
0.2817241379310345128494930122542427852749824523925781250
0.0800000000000000016653345369377348106354475021362304688
0.2423333333333333450276825260516488924622535705566406250
0.3158064516129032717195457280467962846159934997558593750
0.2766666666666666718477074482507305219769477844238281250
0.2767741935483871151824075695913052186369895935058593750
0.4006451612903225711903587580309249460697174072265625000
0.2613333333333333063919212690962012857198715209960937500
0.0000000000000000000000000000000000000000000000000000000
0.1683333333333333348136306995002087205648422241210937500
0.1135483870967742003887934743033838458359241485595703125
0.1641935483870967660280371092085260897874832153320312500
0.3085714285714286075901213735050987452268600463867187500
0.1270967741935483952264718254809849895536899566650390625
0.1546666666666666745122427073511062189936637878417968750
0.3312903225806452245372213383234338834881782531738281250
0.3266666666666666607454772019991651177406311035156250000
0.8348387096774193549819642612419556826353073120117187500
0.3800000000000000044408920985006261616945266723632812500
0.3686666666666666980489708294044248759746551513671875000
0.2077419354838709597554924357609706930816173553466796875
0.2113333333333333452497271309766802005469799041748046875
0.2609677419354838878717828265507705509662628173828125000
0.3419354838709677824049038008524803444743156433105468750
0.1757142857142857395036372736285557039082050323486328125
0.0616129032258064535110264614559127949178218841552734375
0.3976666666666666682949937694502295926213264465332031250
0.4325806451612903558157086081337183713912963867187500000
0.5839999999999999635846847922948654741048812866210937500
0.5658064516129032162083944967889692634344100952148437500
0.5780645161290322020519738543953280895948410034179687500
0.3379999999999999671373984710953664034605026245117187500
0.1670967741935484029980329978570807725191116333007812500
0.4616666666666666696272613990004174411296844482421875000
0.1874193548387096952545505246234824880957603454589843750
0.1183870967741935398276353907931479625403881072998046875
0.2360714285714285709527615608749329112470149993896484375
0.1103225806451613028036362607053888496011495590209960938
0.2196666666666666489771131409725057892501354217529296875
0.3896774193548387388297271627379814162850379943847656250
0.2889999999999999791278071370470570400357246398925781250
0.0899999999999999966693309261245303787291049957275390625
0.2948387096774193749659787044947734102606773376464843750
0.2506666666666666487550685360474744811654090881347656250
0.2364516129032258051623216488223988562822341918945312500
0.0990000000000000046629367034256574697792530059814453125
0.3329032258064515970019670021429192274808883666992187500
0.2654838709677419528176756102766375988721847534179687500
0.2482758620689655137958595787495141848921775817871093750
0.2112903225806451734669622055662330240011215209960937500
0.2343333333333333379222551684506470337510108947753906250
0.6367741935483871573708825053472537547349929809570312500
0.2193333333333333523551544885776820592582225799560546875
0.6045161290322580427414322912227362394332885742187500000
0.3996774193548387477115113597392337396740913391113281250
0.6400000000000000133226762955018784850835800170898437500
0.1967741935483870996392852248391136527061462402343750000
0.1526666666666666727358858679508557543158531188964843750
0.0948387096774193638637484582432080060243606567382812500
0.1945161290322580949219144486050936393439769744873046875
0.0528571428571428594822556590315798530355095863342285156
0.0903225806451612989178556745173409581184387207031250000
0.2026666666666666616336556216992903500795364379882812500
0.3664516129032258651143649785808520391583442687988281250
0.4239999999999999880095913340483093634247779846191406250
0.3783870967741935209538439721654867753386497497558593750
0.3025806451612903513748165096330922096967697143554687500
0.5153333333333333099446349478967022150754928588867187500
0.1251612903225806372464745663819485343992710113525390625
0.4176666666666666860585621634527342393994331359863281250
0.3283870967741935320560742184170521795749664306640625000
0.0590322580645161326673431290146254468709230422973632812
0.0285714285714285740058748785941133974120020866394042969
0.3487096774193548243125917451834538951516151428222656250
0.2039999999999999868993683094231528230011463165283203125
0.6122580645161290746614213276188820600509643554687500000
0.1869999999999999995559107901499373838305473327636718750
0.7932258064516130025012330406752880662679672241210937500
0.1538709677419354826533037794433766975998878479003906250
0.4456666666666667109275579150562407448887825012207031250
0.1338709677419354926453110010697855614125728607177734375
0.2383333333333333137193932316222344525158405303955078125
0.1193548387096774188176340203426661901175975799560546875
0.3922580645161290457956226873648120090365409851074218750
0.0764285714285714290472384391250670887529850006103515625
0.2345161290322580749379000053522759117186069488525390625
0.2596666666666666567486743133486015722155570983886718750
0.1070967741935483774629034314784803427755832672119140625
0.3486666666666666802854024354019202291965484619140625000
0.5880645161290322109337580513965804129838943481445312500
0.4909677419354838701082144325482659041881561279296875000
0.1910000000000000308642000845793518237769603729248046875
0.3329032258064515970019670021429192274808883666992187500
0.2210000000000000297539770599541952833533287048339843750
0.3329032258064515970019670021429192274808883666992187500
0.2051612903225806527895969111341401003301143646240234375
0.2455172413793103580736953972518676891922950744628906250
0.1109677419354838795451101418620964977890253067016601562
0.3756666666666667042662197673053015023469924926757812500
0.1112903225806451679158470824404503218829631805419921875
0.3300000000000000155431223447521915659308433532714843750
0.7616129032258064368576810920785646885633468627929687500
0.4425806451612903091863415738771436735987663269042968750
0.5273333333333333206027759842982050031423568725585937500
0.1419354838709677435470979389720014296472072601318359375
0.1273333333333333261538911074239877052605152130126953125
0.1961290322580645228978113436824060045182704925537109375
0.2219354838709677590902202837241929955780506134033203125
0.0774999999999999994448884876874217297881841659545898438
0.2245161290322580938116914239799370989203453063964843750
0.3896666666666667167007176431070547550916671752929687500
0.1193548387096774188176340203426661901175975799560546875
0.1750000000000000166533453693773481063544750213623046875
0.4516129032258064945892783725867047905921936035156250000
0.2448387096774193583126333351174253039062023162841796875
0.1340000000000000079936057773011270910501480102539062500
0.2916129032258064635030336830823216587305068969726562500
0.1516666666666666718477074482507305219769477844238281250
0.1106451612903225772965853934692859183996915817260742188
0.1100000000000000005551115123125782702118158340454101562
0.2053571428571428492126926812488818541169166564941406250
0.0816129032258064573968070476439606864005327224731445312
0.1946666666666666545282282640982884913682937622070312500
0.1516129032258064501803573875804431736469268798828125000
0.5166666666666666074547720199916511774063110351562500000
0.7170967741935483363846515203476883471012115478515625000
0.6451612903225806272544673447555396705865859985351562500
0.2680000000000000159872115546022541821002960205078125000
0.1616129032258064313065659689527819864451885223388671875
0.1209999999999999964472863211994990706443786621093750000
0.5445161290322581004730295717308763414621353149414062500
0.1306451612903225811823659796573338098824024200439453125
0.1946428571428571452361921956253354437649250030517578125
0.2551612903225806694429422805114882066845893859863281250
0.2910000000000000364153152077051345258951187133789062500
0.2948387096774193749659787044947734102606773376464843750
0.4523333333333333650116969693044666200876235961914062500
0.4377419354838709697474996573873795568943023681640625000
0.2174193548387096941443274999983259476721286773681640625
0.1813333333333333186043745399729232303798198699951171875
0.3590322580645161631984763062064303085207939147949218750
0.2816666666666666762885995467513566836714744567871093750
0.3541935483870968237596343897166661918163299560546875000
0.3380645161290322664449092826544074341654777526855468750
0.1137931034482758535508750696862989570945501327514648438
0.0961290322580645173466962205566233024001121520996093750
0.1950000000000000066613381477509392425417900085449218750
0.4277419354838709608657154603861272335052490234375000000
0.3306666666666667198093421120574930682778358459472656250
0.4938709677419355070782103211968205869197845458984375000
0.5493548387096774954230227194784674793481826782226562500
0.2726666666666666682949937694502295926213264465332031250
0.0041935483870967748404323671707061294000595808029174805
0.0289999999999999980015985556747182272374629974365234375
0.2203225806451612756031721573890536092221736907958984375
0.3083870967741935698036570556723745539784431457519531250
0.2457142857142857461649754213794949464499950408935546875
0.0641935483870967743547097938972001429647207260131835938
0.3983333333333333725612135367555310949683189392089843750
0.1758064516129032306412938169160042889416217803955078125
0.4513333333333333641235185496043413877487182617187500000
0.2545161290322580649458927837258670479059219360351562500
0.3270967741935483785731264561036368831992149353027343750
0.1673333333333333339254522798000834882259368896484375000
0.2206451612903226056072725214107776992022991180419921875
0.1199999999999999955591079014993738383054733276367187500
0.1638709677419354915350879764446290209889411926269531250
0.3064516129032258118236597965733380988240242004394531250
0.2110714285714285765038766840007156133651733398437500000
0.1006451612903225822925890042824903503060340881347656250
0.3826666666666666549723174739483511075377464294433593750
0.3854838709677419483767835117760114371776580810546875000
0.3306666666666667198093421120574930682778358459472656250
0.4132258064516128870380384796590078622102737426757812500
0.4274193548387096863727663276222301647067070007324218750
0.6463333333333334262960079286131076514720916748046875000
0.3158064516129032717195457280467962846159934997558593750
0.3283333333333333658998753890045918524265289306640625000
0.2390322580645161121282171734492294490337371826171875000
0.3445161290322580893707993254793109372258186340332031250
0.3532142857142857028662774609983898699283599853515625000
0.2161290322580645129058041220559971407055854797363281250
0.3193333333333333579062696117034647613763809204101562500
0.1054838709677419356092187285867112223058938980102539062
0.4679999999999999715782905695959925651550292968750000000
0.2441935483870967538155838383318041451275348663330078125
0.2538709677419354604488432869402458891272544860839843750
0.2019999999999999851230114700229023583233356475830078125
0.3190322580645161276713395182014210149645805358886718750
0.1603333333333333554637789575281203724443912506103515625
0.4693548387096774243687491434684488922357559204101562500
0.1603225806451612778236182066393666900694370269775390625
0.2127586206896551757061786247504642233252525329589843750
0.1058064516129032239799556691650650463998317718505859375
0.3816666666666666540841390542482258751988410949707031250
0.2493548387096773955029505032143788412213325500488281250
0.5573333333333333472481285753019619733095169067382812500
0.3738709677419355115191024196974467486143112182617187500
0.3838709677419355204008866166986990720033645629882812500
0.3523333333333333317050062305497704073786735534667968750
0.1225806451612903164027912339406611863523721694946289062
0.1216666666666666590801426650614303071051836013793945312
0.0761290322580645273387034421830321662127971649169921875
0.0829032258064516247575426177718327380716800689697265625
0.2200000000000000011102230246251565404236316680908203125
0.1770967741935484118798171948583330959081649780273437500
0.3323333333333333694525890678050927817821502685546875000
0.3341935483870968059960659957141615450382232666015625000
0.3240000000000000102140518265514401718974113464355468750
0.3367741935483871129619615203409921377897262573242187500
0.6319354838709677624208893575996626168489456176757812500
0.2280000000000000082156503822261583991348743438720703125
0.2229032258064516103246432976447977125644683837890625000
0.1866666666666666751783765221262001432478427886962890625
0.2503225806451612744929491327638970687985420227050781250
0.1774193548387096863727663276222301647067070007324218750
0.2535714285714285587403082899982109665870666503906250000
0.2574193548387097019158886723744217306375503540039062500
0.1433333333333333403647458226259914226830005645751953125
0.6106451612903225356632219700259156525135040283203125000
0.6219999999999999973354647408996243029832839965820312500
0.6212903225806452045532068950706161558628082275390625000
0.3151612903225806672224962312611751258373260498046875000
0.2369999999999999884536805438983719795942306518554687500
0.2370967741935484096593711456080200150609016418457031250
0.1300000000000000044408920985006261616945266723632812500
0.2493548387096773955029505032143788412213325500488281250
0.1900000000000000022204460492503130808472633361816406250
0.0639285714285714318227960006879584398120641708374023438
0.1909677419354838812104446787998313084244728088378906250
0.4613333333333333174941515153477666899561882019042968750
0.3064516129032258118236597965733380988240242004394531250
0.4326666666666666438700872276967857033014297485351562500
0.4377419354838709697474996573873795568943023681640625000
0.2300000000000000099920072216264088638126850128173828125
0.2903333333333333321490954403998330235481262207031250000
0.0974193548387096847074317906844953540712594985961914062
0.2050000000000000155431223447521915659308433532714843750
0.0764516129032258157094403827613859903067350387573242188
0.1361290322580645251182573929327190853655338287353515625
0.3272413793103448598209581632545450702309608459472656250
0.1719354838709677701924505299757583998143672943115234375
0.1743333333333333401427012177009601145982742309570312500
0.6322580645161290924249897216213867068290710449218750000
0.4626666666666666705154398187005426734685897827148437500
0.1993548387096774066051807494659442454576492309570312500
0.4577419354838709875110680513898842036724090576171875000
0.4110000000000000319744231092045083642005920410156250000
0.1248387096774193627535254336180514656007289886474609375
0.2096666666666666678509045596001669764518737792968750000
0.2067741935483870807654938062114524655044078826904296875
0.2038709677419354715510735331918112933635711669921875000
0.1060714285714285803896572701887635048478841781616210938
0.0574193548387096838747645222156279487535357475280761719
0.2856666666666666798413132255518576130270957946777343750
0.3645161290322581071343677194818155840039253234863281250
0.4500000000000000111022302462515654042363166809082031250
0.5938709677419354848737498286936897784471511840820312500
0.3503225806451613077996398715185932815074920654296875000
0.1526666666666666727358858679508557543158531188964843750
0.1519354838709677524288821359732537530362606048583984375
0.1616666666666666807294916452519828453660011291503906250
0.2383870967741935631423189079214353114366531372070312500
0.1061290322580645262284804175578756257891654968261718750
0.1964285714285714246063463406244409270584583282470703125
0.2045161290322580760481230299774324521422386169433593750
0.3676666666666666416496411784464726224541664123535156250
0.4506451612903225600881285117793595418334007263183593750
0.1209999999999999964472863211994990706443786621093750000
0.3651612903225806561202659850096097216010093688964843750
0.4632258064516128759358082334074424579739570617675781250
0.2556666666666666531959606345481006428599357604980468750
0.3454838709677419128496467237710021436214447021484375000
0.3353333333333333166059730956476414576172828674316406250
0.1703225806451612867054024036406190134584903717041015625
0.1748387096774193516512951873664860613644123077392578125
0.2953571428571428736375992230023257434368133544921875000
0.0822580645161290341382809288006683345884084701538085938
0.1910000000000000308642000845793518237769603729248046875
0.1635483870967741892865632280518184415996074676513671875
0.4570000000000000173194791841524420306086540222167968750
0.5461290322580645284489264668081887066364288330078125000
0.3599999999999999866773237044981215149164199829101562500
0.3990000000000000213162820728030055761337280273437500000
0.1912903225806451557033938115637283772230148315429687500
0.1290000000000000035527136788005009293556213378906250000
0.1809677419354838723286604817985789850354194641113281250
0.1903225806451612767133951820142101496458053588867187500
0.0700000000000000066613381477509392425417900085449218750
0.1048387096774193588677448474300035741180181503295898438
0.1333333333333333314829616256247390992939472198486328125
0.5135483870967741948376783511776011437177658081054687500
0.3109999999999999986677323704498121514916419982910156250
0.6029032258064516147655353961454238742589950561523437500
0.1632258064516129147936140952879213728010654449462890625
0.0733333333333333337034076748750521801412105560302734375
0.2054838709677419272825460438980371691286563873291015625
0.2693333333333333690084998579550301656126976013183593750
0.0235483870967741967805686442716250894591212272644042969
0.1790322580645161143486632226995425298810005187988281250
0.3164285714285714479210298577527282759547233581542968750
0.0745161290322580577294431236623495351523160934448242188
0.2346666666666666622997894364743842743337154388427734375
0.3593548387096774376914254389703273773193359375000000000
0.4253333333333333410308796374010853469371795654296875000
0.5022580645161290879840976231207605451345443725585937500
0.3374193548387096619478597858687862753868103027343750000
0.1443333333333333412529242423261166550219058990478515625
0.3009677419354838678877683832979528233408927917480468750
0.1190000000000000085487172896137053612619638442993164062
0.1687096774193548309739298929343931376934051513671875000
0.2119354838709677502084360867229406721889972686767578125
0.0446428571428571438484134148438897682353854179382324219
0.0887096774193548431863831638111150823533535003662109375
0.1333333333333333314829616256247390992939472198486328125
0.1383870967741935575912037847956526093184947967529296875
0.4453333333333333032832968001457629725337028503417968750
0.3045161290322581093548137687321286648511886596679687500
0.4777419354838709497634852141345618292689323425292968750
0.0893333333333333340364745822625991422683000564575195312
0.1248387096774193627535254336180514656007289886474609375
0.0916666666666666601903656896865868475288152694702148438
0.2270967741935484007775869486067676916718482971191406250
0.1780645161290322353586645931500243023037910461425781250
0.4821428571428571507873073187511181458830833435058593750
0.1370967741935483763526804068533238023519515991210937500
0.3790000000000000035527136788005009293556213378906250000
0.3641935483870967771302673554600914940237998962402343750
0.4170000000000000373034936274052597582340240478515625000
0.3783870967741935209538439721654867753386497497558593750
0.1754838709677419283927690685231937095522880554199218750
0.1930000000000000048849813083506887778639793395996093750
0.3164516129032258207054439935745904222130775451660156250
0.1059999999999999970023978335120773408561944961547851562
0.0783870967741935459338620262315089348703622817993164062
0.2883870967741935520400886616698699072003364562988281250
0.1655172413793103702861486681285896338522434234619140625
0.0599999999999999977795539507496869191527366638183593750
0.3220000000000000084376949871511897072196006774902343750
0.3119354838709677557595512098487233743071556091308593750
0.4939999999999999946709294817992486059665679931640625000
0.5890322580645162009460591434617526829242706298828125000
0.3106451612903226022766034475353080779314041137695312500
0.2483333333333333226011774286234867759048938751220703125
0.4145161290322580960321374732302501797676086425781250000
0.2503333333333333521331098836526507511734962463378906250
0.1061290322580645262284804175578756257891654968261718750
0.2035483870967741970581244004279142245650291442871093750
0.3864285714285714545823680055036675184965133666992187500
0.2148387096774193594228563597425818443298339843750000000
0.3483333333333333836634437830070964992046356201171875000
0.1432258064516128970300457012854167260229587554931640625
0.2173333333333333505787976491774315945804119110107421875
0.2483870967741935720241031049226876348257064819335937500
0.5367741935483871795753429978503845632076263427734375000
0.5723333333333333605708048708038404583930969238281250000
0.1390322580645161343326776659523602575063705444335937500
0.1623333333333333572401357969283708371222019195556640625
0.2232258064516129125731680460376082919538021087646484375
0.2977419354838709564248233618855010718107223510742187500
0.1125000000000000027755575615628913510590791702270507812
0.2251612903225806427975896895077312365174293518066406250
0.1923333333333333561299127723032142966985702514648437500
0.2990322580645161099077711241989163681864738464355468750
0.1336666666666666836160715092773898504674434661865234375
0.3145161290322580627254467344755539670586585998535156250
0.5838709677419354759919656316924374550580978393554687500
0.3093333333333333490244854147022124379873275756835937500
0.1493548387096774177074109957175096496939659118652343750
0.1733333333333333114989471823719213716685771942138671875
0.1474193548387096874829893522473867051303386688232421875
0.1758064516129032306412938169160042889416217803955078125
0.1996428571428571496770842941259616054594516754150390625
0.2558064516129032184288405460392823442816734313964843750
0.0786666666666666625218340413994155824184417724609375000
0.5767741935483871040801773233397398144006729125976562500
0.4420000000000000595079541199083905667066574096679687500
0.4219354838709677424368749143468448892235755920410156250
0.3567741935483871307255299143434967845678329467773437500
0.2593333333333333601267156609537778422236442565917968750
0.3229032258064515881201828051416669040918350219726562500
0.3416666666666666740681534975010436028242111206054687500
0.2261290322580645217875883190572494640946388244628906250
0.1029032258064516147655353961454238742589950561523437500
0.1951724137931034608328673130017705261707305908203125000
0.2387096774193548376352680406853323802351951599121093750
0.2216666666666666785090455960016697645187377929687500000
0.5974193548387096708296439828700385987758636474609375000
0.3163333333333333552417343526030890643596649169921875000
0.3209677419354838301401855460426304489374160766601562500
0.3896774193548387388297271627379814162850379943847656250
0.3210000000000000075495165674510644748806953430175781250
0.1674193548387096774909821306209778413176536560058593750
0.2203333333333333532433329082778072915971279144287109375
0.1541935483870967849018285278361872769892215728759765625
0.2345161290322580749379000053522759117186069488525390625
0.2210714285714285853856608810019679367542266845703125000
0.3632258064516128981402687259105732664465904235839843750
0.2913333333333333330372738600999582558870315551757812500
0.3258064516129032250901786937902215868234634399414062500
0.1866666666666666751783765221262001432478427886962890625
0.6470967741935483852344646038545761257410049438476562500
0.5383870967741934965289374304120428860187530517578125000
0.2573333333333333583503588215535273775458335876464843750
0.3864516129032258273667821413255296647548675537109375000
0.1663333333333333330372738600999582558870315551757812500
0.2161290322580645129058041220559971407055854797363281250
0.2693548387096774132665188972168834879994392395019531250
0.1653571428571428414411315088727860711514949798583984375
0.1506451612903225711903587580309249460697174072265625000
0.2766666666666666718477074482507305219769477844238281250
0.2019354838709677690822275053506018593907356262207031250
0.3986666666666666691831721891503548249602317810058593750
0.3683870967741935120720597751642344519495964050292968750
0.3206451612903225556472364132787333801388740539550781250
0.1403333333333333377002105635256157256662845611572265625
0.2690322580645161387735697644529864192008972167968750000
0.2213333333333333263759357123490190133452415466308593750
0.0732258064516129042464953613489342387765645980834960938
0.1416129032258064690541488062081043608486652374267578125
0.1553571428571428603149229275004472583532333374023437500
0.1374193548387096786012051552461343817412853240966796875
0.2430000000000000215383266777280368842184543609619140625
0.2877419354838709475430391648842487484216690063476562500
0.4503333333333333077241888986463891342282295227050781250
0.3612903225806451956714226980693638324737548828125000000
0.2464516129032258140441058458236511796712875366210937500
0.3400000000000000244249065417534438893198966979980468750
0.0206451612903225806272544673447555396705865859985351562
0.1726666666666666627438786463244468905031681060791015625
0.1880645161290322442404487901512766256928443908691406250
0.3387096774193548154308075481822015717625617980957031250
0.3348275862068965658124852780019864439964294433593750000
0.4319354838709677513186591113480972126126289367675781250
0.2830000000000000293098878501041326671838760375976562500
0.3803225806451612789338412312645232304930686950683593750
0.5913333333333333774461948451062198728322982788085937500
0.5387096774193548265330377944337669759988784790039062500
0.2380645161290322331382185438997112214565277099609375000
0.1823333333333333472481285753019619733095169067382812500
0.3193548387096774021642886509653180837631225585937500000
0.3870000000000000106581410364015027880668640136718750000
0.2093548387096774154869649464671965688467025756835937500
0.1912903225806451557033938115637283772230148315429687500
0.3614285714285714878890587442583637312054634094238281250
0.1987096774193548576192824839381501078605651855468750000
0.3566666666666666318796785617450950667262077331542968750
0.2112903225806451734669622055662330240011215209960937500
0.5190000000000000168753899743023794144392013549804687500
0.1709677419354838912024519004262401722371578216552734375
0.3687096774193547865650089079281315207481384277343750000
0.3113333333333333508008422541024629026651382446289062500
0.2838709677419354870941958779440028592944145202636718750
0.2179999999999999993338661852249060757458209991455078125
0.2490322580645161210100013704504817724227905273437500000
0.2058064516129032295310707922908477485179901123046875000
0.3253571428571428447718005827482556924223899841308593750
0.0758064516129032250901786937902215868234634399414062500
0.0586666666666666655749473591185960685834288597106933594
0.1116129032258064562865840230188041459769010543823242188
0.2330000000000000126565424807267845608294010162353515625
0.5229032258064516547335642826510593295097351074218750000
0.4032258064516128781562542826577555388212203979492187500
0.1496666666666666700713506088504800572991371154785156250
0.2322580645161290424649536134893423877656459808349609375
0.1543333333333333501347084393273689784109592437744140625
0.2693548387096774132665188972168834879994392395019531250
0.1870967741935483930060257762306719087064266204833984375
0.1921428571428571707713217620039358735084533691406250000
0.1638709677419354915350879764446290209889411926269531250
0.2346666666666666622997894364743842743337154388427734375
0.0606451612903225814599217358136229449883103370666503906
0.3703333333333333476922177851520245894789695739746093750
0.3596774193548387121843745717342244461178779602050781250
0.1725806451612903191783487955035525374114513397216796875
0.0293333333333333327874736795592980342917144298553466797
0.1141935483870967771302673554600914940237998962402343750
0.5470000000000000417443857259058859199285507202148437500
0.4158064516129031940039340042858384549617767333984375000
0.3300000000000000155431223447521915659308433532714843750
0.3400000000000000244249065417534438893198966979980468750
0.3167741935483870951983931263384874910116195678710937500
0.2146666666666666445362210424718796275556087493896484375
0.1070967741935483774629034314784803427755832672119140625
0.7626666666666667149243608037068042904138565063476562500
0.7006451612903226155992797430371865630149841308593750000
0.4467741935483870996392852248391136527061462402343750000
0.1366666666666666585250311527488520368933677673339843750
0.1241935483870967860120515524613438174128532409667968750
0.1040000000000000091038288019262836314737796783447265625
0.0796774193548387132945975963593809865415096282958984375
0.1819354838709677513186591113480972126126289367675781250
0.0810714285714285720629845855000894516706466674804687500
0.1461290322580645340000415899339714087545871734619140625
0.2146666666666666445362210424718796275556087493896484375
0.6251612903225806094908989507530350238084793090820312500
0.3283333333333333658998753890045918524265289306640625000
0.3761290322580644884808975803025532513856887817382812500
0.8961290322580645062444659743050578981637954711914062500
0.1660000000000000086597395920762210153043270111083984375
0.0974193548387096847074317906844953540712594985961914062
0.2720000000000000195399252334027551114559173583984375000
0.3116129032258064257554508458269992843270301818847656250
0.2790322580645161476553539614542387425899505615234375000
0.2110714285714285765038766840007156133651733398437500000
0.0996774193548387033025903747329721227288246154785156250
0.2646666666666666611895664118492277339100837707519531250
0.1119354838709677446573209635971579700708389282226562500
0.0856666666666666687390829793002922087907791137695312500
0.5899999999999999689137553104956168681383132934570312500
0.1409677419354838923126749250513967126607894897460937500
0.4746666666666666811735808551020454615354537963867187500
0.2929032258064516169859814453957369551062583923339843750
0.4663333333333333219350436138483928516507148742675781250
0.0767741935483871040801773233397398144006729125976562500
0.1822580645161290535671838597409077920019626617431640625
0.1303571428571428658660380506262299604713916778564453125
0.2406451612903225956152652997843688353896141052246093750
0.1163333333333333302617162985370669048279523849487304688
0.4306451612903225978357113490346819162368774414062500000
0.3923333333333333672321430185547797009348869323730468750
0.5403225806451612545089346895110793411731719970703125000
0.2722580645161290502365147858654381707310676574707031250
0.2019999999999999851230114700229023583233356475830078125
0.0000000000000000000000000000000000000000000000000000000
0.3023333333333333428072364768013358116149902343750000000
0.2735483870967742037194625481788534671068191528320312500
0.1258064516129032139879484475386561825871467590332031250
0.4262068965517241125873226792464265599846839904785156250
0.4129032258064516125450893468951107934117317199707031250
0.1313333333333333297066047862244886346161365509033203125
0.4335483870967741792945560064254095777869224548339843750
0.4763333333333333308168278108496451750397682189941406250
0.2316129032258064379679041167037212289869785308837890625
0.3135483870967741837354481049260357394814491271972656250
0.3763333333333333530212883033527759835124015808105468750
0.2664516129032258318076742398261558264493942260742187500
0.3206666666666667109275579150562407448887825012207031250
0.1232258064516129070220529229118255898356437683105468750
0.0945161290322580616152237098503974266350269317626953125
0.2096428571428571585588684911272139288485050201416015625
0.0619354838709677418817634020342666190117597579956054688
0.2196666666666666489771131409725057892501354217529296875
0.3138709677419355137395484689477598294615745544433593750
0.3906666666666667175888960628071799874305725097656250000
0.7338709677419354981964261241955682635307312011718750000
0.3538709677419355492666852569527691230177879333496093750
0.1526666666666666727358858679508557543158531188964843750
0.1783870967741935653627649571717483922839164733886718750
0.0996666666666666672957930472875887062400579452514648438
0.0887096774193548431863831638111150823533535003662109375
0.3616129032258064701643718308332609012722969055175781250
0.1046428571428571346890734616863483097404241561889648438
0.0751612903225806483487048126335139386355876922607421875
0.3343333333333333157177946759475162252783775329589843750
0.6180645161290322375791106424003373831510543823242187500
0.3416666666666666740681534975010436028242111206054687500
1.0106451612903226688899849250447005033493041992187500000
0.3158064516129032717195457280467962846159934997558593750
0.3406666666666667286911263090587453916668891906738281250
0.2658064516129032273106247430405346676707267761230468750
0.1793333333333333445835933162015862762928009033203125000
0.2861290322580645195671422698069363832473754882812500000
0.1767741935483870818757168308366090059280395507812500000
0.2910714285714285920469990287529071792960166931152343750
0.1077419354838709680821651204496447462588548660278320312
0.3739999999999999991118215802998747676610946655273437500
0.3041935483870967793507134047104045748710632324218750000
0.4529999999999999582556142740941140800714492797851562500
0.9229032258064516769380247751541901379823684692382812500
0.4277419354838709608657154603861272335052490234375000000
0.2613333333333333063919212690962012857198715209960937500
0.1554838709677419383847762901496025733649730682373046875
0.0563333333333333394210562516946083633229136466979980469
0.2925806451612903424930323126318398863077163696289062500
0.1806451612903225978357113490346819162368774414062500000
0.0627586206896551673795059400617901701480150222778320312
0.2712903225806451712465161563159199431538581848144531250
0.4926666666666666416496411784464726224541664123535156250
0.2800000000000000266453525910037569701671600341796875000
0.8046666666666667522278544311120640486478805541992187500
0.4816129032258064657234797323326347395777702331542968750
0.5554838709677419883448123982816468924283981323242187500
0.1409999999999999864552790995730902068316936492919921875
0.5119354838709677668617814561002887785434722900390625000
0.1726666666666666627438786463244468905031681060791015625
0.1909677419354838812104446787998313084244728088378906250
0.1861290322580645140160271466811536811292171478271484375
0.4132142857142857006458314117480767890810966491699218750
0.1751612903225806538998199357592966407537460327148437500
0.3250000000000000111022302462515654042363166809082031250
0.1464516129032258084929907226978684775531291961669921875
0.2369999999999999884536805438983719795942306518554687500
1.0764516129032257740760769593180157244205474853515625000
0.2683870967741935897876714989251922816038131713867187500
0.3800000000000000044408920985006261616945266723632812500
0.0374193548387096730500900321203516796231269836425781250
0.1316666666666666540841390542482258751988410949707031250
0.1245161290322580605050006852252408862113952636718750000
0.2603225806451612833747333297651493921875953674316406250
0.6564285714285713613236339369905181229114532470703125000
0.2070967741935484107695941702331765554845333099365234375
0.2546666666666666523077822148479754105210304260253906250
0.1622580645161290358036154657384031452238559722900390625
0.8346666666666666678509045596001669764518737792968750000
0.2929032258064516169859814453957369551062583923339843750
0.3219354838709677646413354068499756976962089538574218750
0.2806666666666666754004211270512314513325691223144531250
0.5035483870967741859558941541763488203287124633789062500
0.1543333333333333501347084393273689784109592437744140625
0.2435483870967742048296855728040100075304508209228515625
0.1596774193548387010821443254826590418815612792968750000
0.0542857142857142913050516597195382928475737571716308594
0.1470967741935483852344646038545761257410049438476562500
0.4020000000000000239808173319033812731504440307617187500
0.2590322580645161298917855674517340958118438720703125000
0.7586666666666666003493446623906493186950683593750000000
0.6945161290322581226774900642340071499347686767578125000
0.5616129032258064812666020770848263055086135864257812500
0.1019999999999999934496841547115764115005731582641601562
0.0441935483870967704689292077091522514820098876953125000
0.1093333333333333379222551684506470337510108947753906250
0.4351612903225806627816041327605489641427993774414062500
0.2748387096774193572024103104922687634825706481933593750
0.2237931034482758818615621976277907378971576690673828125
0.4387096774193547932263470556790707632899284362792968750
0.1933333333333333292625155763744260184466838836669921875
0.2167741935483870896472780032127047888934612274169921875
0.4079999999999999737987366188463056460022926330566406250
0.4000000000000000222044604925031308084726333618164062500
0.4664516129032258429099044860777212306857109069824218750
0.2710000000000000186517468137026298791170120239257812500
0.1583870967741935475991965631692437455058097839355468750
0.1866666666666666751783765221262001432478427886962890625
0.0770967741935483924509142639180936384946107864379882812
0.0516129032258064515681361683618888491764664649963378906
0.2935714285714285942674450780032202601432800292968750000
0.2619354838709677668617814561002887785434722900390625000
0.2460000000000000242028619368284125812351703643798828125
0.4545161290322580760481230299774324521422386169433593750
0.3106666666666666465346224867971614003181457519531250000
0.3732258064516129070220529229118255898356437683105468750
0.3532258064516128892584845289093209430575370788574218750
0.0896666666666666722917966581007931381464004516601562500
0.1551612903225806361362515417567919939756393432617187500
0.1606666666666666798413132255518576130270957946777343750
0.3096774193548387232866048179857898503541946411132812500
0.2290322580645161310020085920768906362354755401611328125
0.2782142857142857472751984460046514868736267089843750000
0.2451612903225806328055824678813223727047443389892578125
0.2193333333333333523551544885776820592582225799560546875
0.5848387096774193549819642612419556826353073120117187500
0.2646666666666666611895664118492277339100837707519531250
0.4061290322580645151262501713063102215528488159179687500
0.2267741935483870985290622002139571122825145721435546875
0.2623333333333333627912509200541535392403602600097656250
0.2090322580645161132384401980743859894573688507080078125
0.2169999999999999984456877655247808434069156646728515625
0.2935483870967742214830309421813581138849258422851562500
0.1325806451612903114067876231274567544460296630859375000
0.1085714285714285826101033194390765856951475143432617188
0.3025806451612903513748165096330922096967697143554687500
0.1106666666666666631879678561745095066726207733154296875
0.2696774193548387432706192612386075779795646667480468750
0.4829999999999999849009668650978710502386093139648437500
0.3964516129032258362485663383267819881439208984375000000
0.3377419354838709919519601498905103653669357299804687500
0.2616666666666666585250311527488520368933677673339843750
0.1374193548387096786012051552461343817412853240966796875
0.2179999999999999993338661852249060757458209991455078125
0.0551612903225806514018181303526944248005747795104980469
0.0932258064516129081322759475369821302592754364013671875
0.1441379310344827746614981833772617392241954803466796875
0.2409677419354838978637900481771794147789478302001953125
0.3813333333333333574621804018534021452069282531738281250
0.5409677419354838034948329550388734787702560424804687500
0.3873333333333333627912509200541535392403602600097656250
0.2922580645161290680000831798679428175091743469238281250
0.4735483870967741593105415631725918501615524291992187500
0.1839999999999999968913755310495616868138313293457031250
0.5874193548387096619478597858687862753868103027343750000
0.2816666666666666762885995467513566836714744567871093750
0.2670967741935483807935725053539499640464782714843750000
0.2548387096774193394388419164897641167044639587402343750
0.2839285714285714190552312174986582249402999877929687500
0.2990322580645161099077711241989163681864738464355468750
0.5000000000000000000000000000000000000000000000000000000
0.6941935483870967926733897002122830599546432495117187500
0.5113333333333333063919212690962012857198715209960937500
0.2890322580645161010259869271976640447974205017089843750
0.3800000000000000044408920985006261616945266723632812500
0.2210000000000000297539770599541952833533287048339843750
0.0083870967741935496808647343414122588001191616058349609
0.1723333333333333383663443783007096499204635620117187500
0.3296774193548387410501732119882944971323013305664062500
0.1848387096774193605330793843677383847534656524658203125
0.4557142857142856828822630177455721423029899597167968750
0.2200000000000000011102230246251565404236316680908203125
0.3136666666666667047103089771553641185164451599121093750
0.3348387096774193549819642612419556826353073120117187500
0.5856666666666666687390829793002922087907791137695312500
0.6112903225806451956714226980693638324737548828125000000
0.5990322580645162098278433404630050063133239746093750000
0.2819999999999999729105581991461804136633872985839843750
0.1703225806451612867054024036406190134584903717041015625
0.2386666666666666658525031152748852036893367767333984375
0.4209677419354838634468762847973266616463661193847656250
0.2432258064516129303367364400401129387319087982177734375
0.2057142857142857383934142490033991634845733642578125000
0.2080645161290322342484415685248677618801593780517578125
0.2466666666666666729579304728758870624005794525146484375
0.2693548387096774132665188972168834879994392395019531250
0.3093333333333333490244854147022124379873275756835937500
0.3454838709677419128496467237710021436214447021484375000
0.0974193548387096847074317906844953540712594985961914062
0.3806666666666667087071118658059276640415191650390625000
0.0870967741935483874549106531048892065882682800292968750
0.1763333333333333419190580571012105792760848999023437500
0.1941935483870967649178140845833695493638515472412109375
0.2999999999999999888977697537484345957636833190917968750
0.1389655172413793160490769196258042939007282257080078125
0.1087096774193548470721637499991629738360643386840820312
0.0943333333333333384773666807632253039628267288208007812
0.2051612903225806527895969111341401003301143646240234375
0.3293333333333333112769025774468900635838508605957031250
0.6680645161290322819880316274065990000963211059570312500
0.5706451612903226111583876445365604013204574584960937500
0.3450000000000000288657986402540700510144233703613281250
0.1825806451612903280601329925048048608005046844482421875
0.0873333333333333322601177428623486775904893875122070312
0.1203225806451612978076326498921844176948070526123046875
0.2793548387096774221483030942181358113884925842285156250
0.1082142857142857073071695594990160316228866577148437500
0.1190322580645161165691092719498556107282638549804687500
0.1000000000000000055511151231257827021181583404541015625
0.1180645161290322653346862580292508937418460845947265625
0.5420000000000000373034936274052597582340240478515625000
0.1338709677419354926453110010697855614125728607177734375
0.4029032258064516036633051498938584700226783752441406250
0.3760000000000000008881784197001252323389053344726562500
0.0425806451612903216763506009101547533646225929260253906
0.1590000000000000024424906541753443889319896697998046875
0.2025806451612903180681257708783959969878196716308593750
0.0683870967741935509298656370447133667767047882080078125
0.5407142857142857028662774609983898699283599853515625000
0.1293548387096774276994182173439185135066509246826171875
0.2396666666666666667406815349750104360282421112060546875
0.2712903225806451712465161563159199431538581848144531250
0.4273333333333333428072364768013358116149902343750000000
0.4687096774193548198716996466828277334570884704589843750
0.5493548387096774954230227194784674793481826782226562500
0.1863333333333333230452666384735493920743465423583984375
0.3767741935483871484890983083460014313459396362304687500
0.3056666666666666976048816195543622598052024841308593750
0.1499999999999999944488848768742172978818416595458984375
0.0138709677419354849431387677327620622236281633377075195
0.1664285714285714257165693652495974674820899963378906250
0.1906451612903226067174955460359342396259307861328125000
0.1119999999999999884536805438983719795942306518554687500
0.3158064516129032717195457280467962846159934997558593750
0.4733333333333333836634437830070964992046356201171875000
0.1858064516129032395230780139172566123306751251220703125
0.3258064516129032250901786937902215868234634399414062500
0.2093333333333333434733702915764297358691692352294921875
0.1035483870967742053847970851165882777422666549682617188
0.1920000000000000039968028886505635455250740051269531250
0.1048387096774193588677448474300035741180181503295898438
0.0370967741935483846793530915419978555291891098022460938
0.1551724137931034530613061406256747432053089141845703125
0.0551612903225806514018181303526944248005747795104980469
0.4639999999999999680255768907954916357994079589843750000
0.3503225806451613077996398715185932815074920654296875000
0.2089999999999999913402604079237789846956729888916015625
0.6564516129032257341080480728123802691698074340820312500
0.2216129032258064568416955353313824161887168884277343750
0.1716666666666666896112758422532351687550544738769531250
0.1074193548387096797114281798712909221649169921875000000
0.3786666666666667069307550264056771993637084960937500000
0.0312903225806451593116186415954871335998177528381347656
0.0948387096774193638637484582432080060243606567382812500
0.1560714285714285831652148317516548559069633483886718750
0.1764516129032258073827676980727119371294975280761718750
0.2786666666666666736240642876509809866547584533691406250
0.2451612903225806328055824678813223727047443389892578125
0.4493333333333333068360104789462639018893241882324218750
0.2145161290322580849299072269786847755312919616699218750
0.1667741935483870729939326338353566825389862060546875000
0.2306666666666666587470757576738833449780941009521484375
0.1558064516129032128777254229134996421635150909423828125
0.3783333333333333547976451427530264481902122497558593750
0.1680645161290322542324560117776854895055294036865234375
0.1506451612903225711903587580309249460697174072265625000
0.1792857142857142704883699479978531599044799804687500000
0.0825806451612903225090178693790221586823463439941406250
0.1183333333333333459158609457517741248011589050292968750
0.5525806451612903513748165096330922096967697143554687500
0.4573333333333333694525890678050927817821502685546875000
0.4780645161290322242564343468984588980674743652343750000
0.2558064516129032184288405460392823442816734313964843750
0.2030000000000000137667655053519411012530326843261718750
0.2551612903225806694429422805114882066845893859863281250
0.2693333333333333690084998579550301656126976013183593750
0.3796774193548387299479429657367290928959846496582031250
0.2354838709677419261723230192728806287050247192382812500
0.0749999999999999972244424384371086489409208297729492188
0.1903225806451612767133951820142101496458053588867187500
0.2463333333333333208248205892232363112270832061767578125
0.2741935483870967527053608137066476047039031982421875000
0.5076666666666667104834687052061781287193298339843750000
0.7519354838709677579799972590990364551544189453125000000
0.2800000000000000266453525910037569701671600341796875000
0.1013333333333333308168278108496451750397682189941406250
0.1445161290322580505129934635988320223987102508544921875
0.1119999999999999884536805438983719795942306518554687500
0.0725806451612903275050214801922265905886888504028320312
0.3625806451612903491543704603827791288495063781738281250
0.0196551724137931024816161595936137018725275993347167969
0.0506451612903225795170314427195989992469549179077148438
0.1529999999999999971134201359745929948985576629638671875
0.2625806451612903158476797216280829161405563354492187500
0.1666666666666666851703837437526090070605278015136718750
0.5070967741935483719117883083526976406574249267578125000
0.3367741935483871129619615203409921377897262573242187500
0.2216666666666666785090455960016697645187377929687500000
0.1561290322580645151262501713063102215528488159179687500
0.3803333333333333010628507508954498916864395141601562500
0.1116129032258064562865840230188041459769010543823242188
0.1890322580645161232304474197007948532700538635253906250
0.4400000000000000022204460492503130808472633361816406250
0.2477419354838709675270536081370664760470390319824218750
0.3250000000000000111022302462515654042363166809082031250
0.1380645161290322553426790364028420299291610717773437500
0.2560000000000000053290705182007513940334320068359375000
0.3483870967741935498196426124195568263530731201171875000
0.5677419354838709741883917558880057185888290405273437500
0.3333333333333333703407674875052180141210556030273437500
0.0964516129032258057174331611349771264940500259399414062
0.2103333333333333443615487112765549682080745697021484375
0.2219354838709677590902202837241929955780506134033203125
0.0958064516129032289759592799782694783061742782592773438
0.1360714285714285931572220533780637197196483612060546875
0.1980645161290322531222329871525289490818977355957031250
0.1233333333333333364789652364379435312002897262573242188
0.2487096774193548465170522376865847036242485046386718750
0.2226666666666666516416484000728814862668514251708984375
0.3890322580645161898438288972101872786879539489746093750
0.2425806451612903258396869432544917799532413482666015625
0.3089999999999999968913755310495616868138313293457031250
0.1509677419354838734388835064237355254590511322021484375
0.1119999999999999884536805438983719795942306518554687500
0.1196774193548387071883709609210200142115354537963867188
0.1622580645161290358036154657384031452238559722900390625
0.1692857142857142616065857509966008365154266357421875000
0.3416129032258065079119546680885832756757736206054687500
0.4213333333333333374781659586005844175815582275390625000
0.1667741935483870729939326338353566825389862060546875000
0.5590000000000000524025267623073887079954147338867187500
0.3251612903225806205931291970046004280447959899902343750
0.3987096774193548132103614989318884909152984619140625000
0.2233333333333333281522925517492694780230522155761718750
0.0422580645161290333056136603318009292706847190856933594
0.5106666666666667131480039643065538257360458374023437500
0.1387096774193548320841529175595496781170368194580078125
0.1725806451612903191783487955035525374114513397216796875
0.1486206896551724165878027861253940500319004058837890625
0.2064516129032258062725446734475553967058658599853515625
0.6133333333333333969861200785089749842882156372070312500
0.1987096774193548576192824839381501078605651855468750000
0.3616666666666666363205706602457212284207344055175781250
0.3393548387096774199278570449678227305412292480468750000
0.2993548387096773844007202569628134369850158691406250000
0.2360000000000000153210777398271602578461170196533203125
0.3493548387096774288096412419690750539302825927734375000
0.2643333333333333645676077594544040039181709289550781250
0.2370967741935484096593711456080200150609016418457031250
0.2712903225806451712465161563159199431538581848144531250
0.0971428571428571419055231217498658224940299987792968750
0.1896774193548387277274969164864160120487213134765625000
0.1393333333333333368120321438254904933273792266845703125
0.2354838709677419261723230192728806287050247192382812500
0.3226666666666666571927635231986641883850097656250000000
0.5845161290322581360001663597358856350183486938476562500
0.3361290322580645084649120235553709790110588073730468750
0.4156666666666666842822053240524837747216224670410156250
0.3729032258064516325291037901479285210371017456054687500
0.3493333333333333290404709714493947103619575500488281250
0.3190322580645161276713395182014210149645805358886718750
0.4280645161290322353586645931500243023037910461425781250
0.0524999999999999980571097069059760542586445808410644531
0.1932258064516129136833910706627648323774337768554687500
0.1113333333333333258208242000364407431334257125854492188
0.3141935483870967882324976017116568982601165771484375000
0.4583333333333333703407674875052180141210556030273437500
0.4432258064516129136833910706627648323774337768554687500
0.2558064516129032184288405460392823442816734313964843750
0.0873333333333333322601177428623486775904893875122070312
0.1506451612903225711903587580309249460697174072265625000
0.1449999999999999900079927783735911361873149871826171875
0.2493548387096773955029505032143788412213325500488281250
0.3977419354838709897315141006401972845196723937988281250
0.1799999999999999933386618522490607574582099914550781250
0.1064516129032258007214295503217726945877075195312500000
0.2496666666666666478668901163473492488265037536621093750
0.2419354838709677768537886777266976423561573028564453125
0.6533333333333333214909544039983302354812622070312500000
0.1345161290322580693867848822264932096004486083984375000
0.2922580645161290680000831798679428175091743469238281250
0.1390000000000000124344978758017532527446746826171875000
0.1306451612903225811823659796573338098824024200439453125
0.1436666666666666647422800906497286632657051086425781250
0.2309677419354838889820058511759270913898944854736328125
0.2022580645161290435751766381144989281892776489257812500
0.1551724137931034530613061406256747432053089141845703125
0.1722580645161290446853996627396554686129093170166015625
0.2036666666666666625218340413994155824184417724609375000
0.2690322580645161387735697644529864192008972167968750000
0.1303333333333333288184263665243634022772312164306640625
0.4341935483870967837916055032110307365655899047851562500
0.2106451612903225967254883244095253758132457733154296875
0.3003333333333333410308796374010853469371795654296875000
0.1103225806451613028036362607053888496011495590209960938
0.0933333333333333375891882610631000716239213943481445312
0.1312903225806451579238398608140414580702781677246093750
0.2680645161290322597835711349034681916236877441406250000
0.2507142857142857228502919042512075975537300109863281250
0.1887096774193548487374982869368977844715118408203125000
0.2286666666666666847262945339025463908910751342773437500
0.2674193548387097107976728693756740540266036987304687500
0.4289999999999999924504834325489355251193046569824218750
0.3287096774193548065490233511809492483735084533691406250
0.7832258064516129936194488436740357428789138793945312500
0.3053333333333333454717717359017115086317062377929687500
0.0925806451612903175130142585658177267760038375854492188
0.2346666666666666622997894364743842743337154388427734375
0.1964516129032257973907604764463030733168125152587890625
0.4064516129032258451303505353280343115329742431640625000
0.0946428571428571396850770724995527416467666625976562500
0.2190322580645161221202243950756383128464221954345703125
0.1303333333333333288184263665243634022772312164306640625
0.3958064516129032317515168415411608293652534484863281250
0.1459999999999999908961711980737163685262203216552734375
0.3512903225806451867896385010681115090847015380859375000
0.1825806451612903280601329925048048608005046844482421875
0.1886666666666666769547333615264506079256534576416015625
0.2635483870967741948376783511776011437177658081054687500
0.1066666666666666596352541773740085773169994354248046875
0.2361290322580645306693725160585017874836921691894531250
0.2777419354838709941724061991408234462141990661621093750
0.2721428571428571863144441067561274394392967224121093750
0.3280645161290322575631250856531551107764244079589843750
0.2139999999999999957811525064244051463901996612548828125
0.5854838709677419039678625267697498202323913574218750000
0.3850000000000000088817841970012523233890533447265625000
0.4022580645161290546774068843660643324255943298339843750
0.2935483870967742214830309421813581138849258422851562500
0.4356666666666667020457737180549884214997291564941406250
0.0887096774193548431863831638111150823533535003662109375
0.2169999999999999984456877655247808434069156646728515625
0.3470967741935483963366948501061415299773216247558593750
0.1567741935483870918677240524630178697407245635986328125
0.2379310344827586243265926668755128048360347747802734375
0.4858064516129032006652721520367776975035667419433593750
0.2903333333333333321490954403998330235481262207031250000
0.1993548387096774066051807494659442454576492309570312500
0.2979999999999999871214129143481841310858726501464843750
0.4258064516129032028857182012870907783508300781250000000
0.2648387096774193483206261134910164400935173034667968750
0.2700000000000000177635683940025046467781066894531250000
0.2645161290322580738276769807271193712949752807617187500
0.2300000000000000099920072216264088638126850128173828125
0.4393548387096774532345477837225189432501792907714843750
0.1806451612903225978357113490346819162368774414062500000
0.2092857142857142693781469233726966194808483123779296875
0.1929032258064516114348663222699542529881000518798828125
0.3836666666666666558604958936484763398766517639160156250
0.2374193548387096841523202783719170838594436645507812500
0.2989999999999999880095913340483093634247779846191406250
0.5645161290322581182365979657333809882402420043945312500
0.3035483870967742303648151391826104372739791870117187500
0.3439999999999999724664689892961177974939346313476562500
0.3096774193548387232866048179857898503541946411132812500
0.1606666666666666798413132255518576130270957946777343750
0.1741935483870967749098213062097784131765365600585937500
0.0448387096774193541492969927730882773175835609436035156
0.3385714285714285232131715019932016730308532714843750000
0.2029032258064515925610749036422930657863616943359375000
0.3823333333333333583503588215535273775458335876464843750
0.1329032258064516136553123715202673338353633880615234375
0.4629999999999999671373984710953664034605026245117187500
0.3841935483870967948938357494625961408019065856933593750
0.2141935483870967549258068629569606855511665344238281250
0.3933333333333333681203214382549049332737922668457031250
0.3045161290322581093548137687321286648511886596679687500
0.2930000000000000381916720471053849905729293823242187500
0.1145161290322580655010042960384453181177377700805664062
0.1125806451612903213987948447538656182587146759033203125
0.0592857142857142888070498543129360768944025039672851562
0.0783870967741935459338620262315089348703622817993164062
0.1613333333333333285963817615993320941925048828125000000
0.3358064516129032339719628907914739102125167846679687500
0.4973333333333333494685746245522750541567802429199218750
0.5006451612903225489858982655277941375970840454101562500
0.3329032258064515970019670021429192274808883666992187500
0.1426666666666666916096772865785169415175914764404296875
0.1109677419354838795451101418620964977890253067016601562
0.2596666666666666567486743133486015722155570983886718750
0.3545161290322580982525835224805632606148719787597656250
0.0551612903225806514018181303526944248005747795104980469
0.1513793103448275723099669676230405457317829132080078125
0.3896774193548387388297271627379814162850379943847656250
0.1763333333333333419190580571012105792760848999023437500
0.0680645161290322625591286964663595426827669143676757812
0.4236666666666666913876326816534856334328651428222656250
0.2032258064516129225651752676640171557664871215820312500
0.2396774193548387166252666702348506078124046325683593750
