0.0253384178648916567888615958281661733054
0.0256976273627964081625041359302485943772
0.0256976273627964081625041359302485943772
0.0256976273627964081625041359302485943772
0.0256976273627964081625041359302485943772
0.0256976273627964081625041359302485943772
0.0256976273627964081625041359302485943772
0.0256976273627964081625041359302485943772
0.0256976273627964081625041359302485943772
0.0256976273627964081625041359302485943772
0.0256976273627964081625041359302485943772
0.0256976273627964081625041359302485943772
0.0256976273627964081625041359302485943772
0.0256976273627964081625041359302485943772
0.0256976273627964081625041359302485943772
0.0256976273627964081625041359302485943772
0.0256976273627964081625041359302485943772
0.0256976273627964081625041359302485943772
0.0256976273627964081625041359302485943772
0.0256976273627964081625041359302485943772
0.0256976273627964081625041359302485943772
0.0256976273627964081625041359302485943772
0.0256976273627964081625041359302485943772
0.0256976273627964081625041359302485943772
0.0256976273627964081625041359302485943772
0.0256976273627964081625041359302485943772
0.0256976273627964081625041359302485943772
0.0256976273627964081625041359302485943772
0.0256976273627964081625041359302485943772
0.0256976273627964081625041359302485943772
0.0256976273627964081625041359302485943772
0.0256976273627964081625041359302485943772
0.0256976273627964081625041359302485943772
0.0256976273627964081625041359302485943772
0.0256976273627964081625041359302485943772
0.0256976273627964081625041359302485943772
0.0256976273627964081625041359302485943772
0.0256976273627964081625041359302485943772
0.0256976273627964081625041359302485943772
0.0256976273627964081625041359302485943772
0.0256976273627964081625041359302485943772
0.0256976273627964081625041359302485943772
0.0256976273627964081625041359302485943772
0.0256976273627964081625041359302485943772
0.0256976273627964081625041359302485943772
0.0256976273627964081625041359302485943772
0.0256976273627964081625041359302485943772
0.0256976273627964081625041359302485943772
0.0256976273627964081625041359302485943772
0.0256976273627964081625041359302485943772
0.0256976273627964081625041359302485943772
0.0256976273627964081625041359302485943772
0.0256976273627964081625041359302485943772
0.0256976273627964081625041359302485943772
0.0256976273627964081625041359302485943772
0.0256976273627964081625041359302485943772
0.0256976273627964081625041359302485943772
0.0256976273627964081625041359302485943772
0.0256976273627964081625041359302485943772
0.0256976273627964081625041359302485943772
0.0256976273627964081625041359302485943772
0.0256976273627964081625041359302485943772
0.0256976273627964081625041359302485943772
0.0256976273627964081625041359302485943772
0.0256976273627964081625041359302485943772
0.0256976273627964081625041359302485943772
0.0256976273627964081625041359302485943772
0.0256976273627964081625041359302485943772
0.0256976273627964081625041359302485943772
0.0256976273627964081625041359302485943772
0.0256976273627964081625041359302485943772
0.0256976273627964081625041359302485943772
0.0256976273627964081625041359302485943772
0.0256976273627964081625041359302485943772
0.0256976273627964081625041359302485943772
0.0256976273627964081625041359302485943772
0.0256976273627964081625041359302485943772
0.0256976273627964081625041359302485943772
0.0256976273627964081625041359302485943772
0.0256976273627964081625041359302485943772
0.0256976273627964081625041359302485943772
0.0256976273627964081625041359302485943772
0.0256976273627964081625041359302485943772
0.0256976273627964081625041359302485943772
0.0256976273627964081625041359302485943772
0.0256976273627964081625041359302485943772
0.0256976273627964081625041359302485943772
0.0256976273627964081625041359302485943772
0.0256976273627964081625041359302485943772
0.0256976273627964081625041359302485943772
0.0256976273627964081625041359302485943772
0.0256976273627964081625041359302485943772
0.0256976273627964081625041359302485943772
0.0256976273627964081625041359302485943772
0.0256976273627964081625041359302485943772
0.0256976273627964081625041359302485943772
0.0256976273627964081625041359302485943772
0.0256976273627964081625041359302485943772
0.0256976273627964081625041359302485943772
0.0256976273627964081625041359302485943772
