0.1470967741935483852344646038545761257410049438476562500
0.2634482758620689812900650395022239536046981811523437500
0.2677419354838709852906220021395711228251457214355468750
0.2233333333333333281522925517492694780230522155761718750
0.2774193548387096641683058351190993562340736389160156250
0.1933333333333333292625155763744260184466838836669921875
0.1829032258064516025530821252687019295990467071533203125
0.1603225806451612778236182066393666900694370269775390625
0.2489999999999999991118215802998747676610946655273437500
0.2048387096774193505410721627413295209407806396484375000
0.1869999999999999995559107901499373838305473327636718750
0.1461290322580645340000415899339714087545871734619140625
0.1625806451612903102965645985023002140223979949951171875
0.4128571428571428669762610752513865008950233459472656250
0.2629032258064515903406288543919799849390983581542968750
0.3093333333333333490244854147022124379873275756835937500
0.2129032258064516014428591006435453891754150390625000000
0.1750000000000000166533453693773481063544750213623046875
0.2354838709677419261723230192728806287050247192382812500
0.1416129032258064690541488062081043608486652374267578125
0.1863333333333333230452666384735493920743465423583984375
0.1929032258064516114348663222699542529881000518798828125
0.1316666666666666540841390542482258751988410949707031250
0.2174193548387096941443274999983259476721286773681640625
0.1567741935483870918677240524630178697407245635986328125
0.1914285714285714201654542421238147653639316558837890625
0.3751612903225806650020501820108620449900627136230468750
0.2246666666666666534180052394731319509446620941162109375
0.2580645161290322509017869379022158682346343994140625000
0.1923333333333333561299127723032142966985702514648437500
0.3099999999999999977795539507496869191527366638183593750
0.1829032258064516025530821252687019295990467071533203125
0.1956666666666666554164066837984137237071990966796875000
0.1745161290322580771583460546025889925658702850341796875
0.1939999999999999780175841124219004996120929718017578125
0.1677419354838709519839312633848749101161956787109375000
0.2522580645161290324729463918629335239529609680175781250
0.2717857142857142971337225390016101300716400146484375000
0.3277419354838709830701759528892580419778823852539062500
0.2783333333333333214909544039983302354812622070312500000
0.2451612903225806328055824678813223727047443389892578125
0.2680000000000000159872115546022541821002960205078125000
0.2506451612903226044970494967856211587786674499511718750
0.1883870967741935742445491541730007156729698181152343750
0.1416666666666666629659232512494781985878944396972656250
0.1941935483870967649178140845833695493638515472412109375
0.2613333333333333063919212690962012857198715209960937500
0.1364516129032257996112065256966161541640758514404296875
0.1370967741935483763526804068533238023519515991210937500
0.1137931034482758535508750696862989570945501327514648438
0.1954838709677419184007618468967848457396030426025390625
0.1466666666666666674068153497501043602824211120605468750
0.1651612903225806450180357387580443173646926879882812500
0.1300000000000000044408920985006261616945266723632812500
0.1380645161290322553426790364028420299291610717773437500
0.1864516129032258162645518950739642605185508728027343750
0.1230000000000000121014309684142062906175851821899414062
0.1232258064516129070220529229118255898356437683105468750
0.1506666666666666709595290285506052896380424499511718750
0.2809677419354839056353512205532751977443695068359375000
0.1593548387096774265891951927187619730830192565917968750
0.1057142857142857189645113180631597060710191726684570312
0.2225806451612903358316941648809006437659263610839843750
0.1916666666666666796192686206268263049423694610595703125
0.1741935483870967749098213062097784131765365600585937500
0.1883333333333333248216234778737998567521572113037109375
0.1683870967741935564809807601704960688948631286621093750
0.1874193548387096952545505246234824880957603454589843750
0.1880000000000000004440892098500626161694526672363281250
0.2006451612903226155992797430371865630149841308593750000
0.1390000000000000124344978758017532527446746826171875000
0.1658064516129032495150852355436654761433601379394531250
0.1570967741935483941162488008558284491300582885742187500
0.2474999999999999977795539507496869191527366638183593750
0.1674193548387096774909821306209778413176536560058593750
0.2616666666666666585250311527488520368933677673339843750
0.1483870967741935387174123661679914221167564392089843750
0.1590000000000000024424906541753443889319896697998046875
0.1832258064516129325571824892904260195791721343994140625
0.1551612903225806361362515417567919939756393432617187500
0.1106666666666666631879678561745095066726207733154296875
0.1338709677419354926453110010697855614125728607177734375
0.1936666666666666813956254600270767696201801300048828125
0.1748387096774193516512951873664860613644123077392578125
0.2270967741935484007775869486067676916718482971191406250
0.2157142857142857472751984460046514868736267089843750000
0.2287096774193548565090594593129935674369335174560546875
0.1766666666666666940521679407538613304495811462402343750
0.1925806451612903369419171895060571841895580291748046875
0.1816666666666666707374844236255739815533161163330078125
0.1812903225806451745771852301913895644247531890869140625
0.1612903225806451568136168361888849176466464996337890625
0.1650000000000000077715611723760957829654216766357421875
0.1370967741935483763526804068533238023519515991210937500
0.1110000000000000014432899320127035025507211685180664062
0.3096774193548387232866048179857898503541946411132812500
0.2380645161290322331382185438997112214565277099609375000
0.2313793103448275878530893123752321116626262664794921875
0.1622580645161290358036154657384031452238559722900390625
0.2233333333333333281522925517492694780230522155761718750
0.1993548387096774066051807494659442454576492309570312500
0.2280000000000000082156503822261583991348743438720703125
0.1474193548387096874829893522473867051303386688232421875
0.1335483870967741903967862526769749820232391357421875000
0.1336666666666666836160715092773898504674434661865234375
0.2122580645161290524569608351157512515783309936523437500
0.1330000000000000071054273576010018587112426757812500000
0.1154838709677419444910029255879635456949472427368164062
0.0887096774193548431863831638111150823533535003662109375
0.1067857142857142893621613666255143471062183380126953125
0.1600000000000000033306690738754696212708950042724609375
0.1793333333333333445835933162015862762928009033203125000
0.1709677419354838912024519004262401722371578216552734375
0.1286666666666666791751794107767636887729167938232421875
0.1161290322580645212324768067446711938828229904174804688
0.1329032258064516136553123715202673338353633880615234375
0.1406666666666666620777448315493529662489891052246093750
0.1325806451612903114067876231274567544460296630859375000
0.2026666666666666616336556216992903500795364379882812500
0.0983870967741935498196426124195568263530731201171875000
0.0767741935483871040801773233397398144006729125976562500
0.0839285714285714218307887790615495759993791580200195312
0.1393548387096774365812024143451708368957042694091796875
0.1489999999999999935607064571740920655429363250732421875
0.1241935483870967860120515524613438174128532409667968750
0.1506666666666666709595290285506052896380424499511718750
0.1158064516129032189839520583518606144934892654418945312
0.0841935483870967782404903800852480344474315643310546875
0.1043333333333333334813630699500208720564842224121093750
0.1432258064516128970300457012854167260229587554931640625
0.1140000000000000041078251911130791995674371719360351562
0.1251612903225806372464745663819485343992710113525390625
0.1145161290322580655010042960384453181177377700805664062
0.1689285714285714279370154144999105483293533325195312500
0.1806451612903225978357113490346819162368774414062500000
0.1476666666666666682949937694502295926213264465332031250
0.1529032258064516314188807655227719806134700775146484375
0.1689999999999999835686992355476832017302513122558593750
0.0987096774193548381903795529979106504470109939575195312
0.1209677419354838884268943388633488211780786514282226562
0.1030000000000000082156503822261583991348743438720703125
0.1303225806451613066894168468934367410838603973388671875
0.0983333333333333420300803595637262333184480667114257812
0.1083870967741935448236390016063523944467306137084960938
0.1996774193548387366092811134876683354377746582031250000
0.2468965517241379359347774880006909370422363281250000000
0.1880645161290322442404487901512766256928443908691406250
0.1650000000000000077715611723760957829654216766357421875
0.2006451612903226155992797430371865630149841308593750000
0.1176666666666666832830046018898428883403539657592773438
0.1629032258064516125450893468951107934117317199707031250
0.1335483870967741903967862526769749820232391357421875000
0.1143333333333333423631472669512731954455375671386718750
0.1070967741935483774629034314784803427755832672119140625
0.2520000000000000017763568394002504646778106689453125000
0.0645161290322580627254467344755539670586585998535156250
0.1206451612903225861783695904705382417887449264526367188
0.2582142857142857295116300520021468400955200195312500000
0.1383870967741935575912037847956526093184947967529296875
0.1430000000000000159872115546022541821002960205078125000
0.1119354838709677446573209635971579700708389282226562500
0.0886666666666666714036182384006679058074951171875000000
0.1145161290322580655010042960384453181177377700805664062
0.1183870967741935398276353907931479625403881072998046875
0.1296666666666666800633578304768889211118221282958984375
0.1212903225806451629198434716272458899766206741333007812
0.0566666666666666707374844236255739815533161163330078125
0.1470967741935483852344646038545761257410049438476562500
0.1374193548387096786012051552461343817412853240966796875
0.0907142857142857195196228303757379762828350067138671875
0.1080645161290322564529020610279985703527927398681640625
0.1146666666666666667406815349750104360282421112060546875
0.1300000000000000044408920985006261616945266723632812500
0.1576666666666666771767779664514819160103797912597656250
0.1267741935483870929779470770881744101643562316894531250
0.1054838709677419356092187285867112223058938980102539062
0.1326666666666666827278930895772646181285381317138671875
0.1312903225806451579238398608140414580702781677246093750
0.1706666666666666609675218069241964258253574371337890625
0.1454838709677419295029920931483502499759197235107421875
0.0638709677419354859839728533188463188707828521728515625
0.1064285714285714279370154144999105483293533325195312500
0.1732258064516129236753982922891736961901187896728515625
0.0876666666666666705154398187005426734685897827148437500
0.1119354838709677446573209635971579700708389282226562500
0.1180000000000000076605388699135801289230585098266601562
0.0832258064516128992504917505357298068702220916748046875
0.0716129032258064485150228506427083630114793777465820312
0.0859999999999999931166172473240294493734836578369140625
0.0977419354838709592003809234483924228698015213012695312
0.0993333333333333429182587792638514656573534011840820312
0.1390322580645161343326776659523602575063705444335937500
0.2393548387096774143767419218420400284230709075927734375
0.1524137931034482695835663434991147369146347045898437500
0.1519354838709677524288821359732537530362606048583984375
0.1529999999999999971134201359745929948985576629638671875
0.1261290322580645162364731959314667619764804840087890625
0.1169999999999999928945726423989981412887573242187500000
0.1019354838709677357755367665959056466817855834960937500
0.1125806451612903213987948447538656182587146759033203125
0.0800000000000000016653345369377348106354475021362304688
0.1158064516129032189839520583518606144934892654418945312
0.0890000000000000096589403142388619016855955123901367188
0.1487096774193548409659371145608020015060901641845703125
0.1103225806451613028036362607053888496011495590209960938
0.1507142857142857172991767811254248954355716705322265625
0.2454838709677419350541072162741329520940780639648437500
0.1069999999999999978905762532122025731950998306274414062
0.1329032258064516136553123715202673338353633880615234375
0.1049999999999999961142194138119521085172891616821289062
0.1183870967741935398276353907931479625403881072998046875
0.1087096774193548470721637499991629738360643386840820312
0.1290000000000000035527136788005009293556213378906250000
0.1274193548387096697194209582448820583522319793701171875
0.1069999999999999978905762532122025731950998306274414062
0.0774193548387096808216512044964474625885486602783203125
0.1335483870967741903967862526769749820232391357421875000
0.2742857142857142993541685882519232109189033508300781250
0.1532258064516129059118298982866690494120121002197265625
0.0980000000000000037747582837255322374403476715087890625
0.1499999999999999944488848768742172978818416595458984375
0.1776666666666666671847707448250730521976947784423828125
0.0987096774193548381903795529979106504470109939575195312
0.1274193548387096697194209582448820583522319793701171875
0.1536666666666666736240642876509809866547584533691406250
0.2377419354838709586452694111358141526579856872558593750
0.1950000000000000066613381477509392425417900085449218750
0.2399999999999999911182158029987476766109466552734375000
0.1848387096774193605330793843677383847534656524658203125
0.2046428571428571541179763926265877671539783477783203125
0.2748387096774193572024103104922687634825706481933593750
0.1966666666666666840601607191274524666368961334228515625
0.2800000000000000266453525910037569701671600341796875000
0.1986666666666666858365175585277029313147068023681640625
0.1600000000000000033306690738754696212708950042724609375
0.1635483870967741892865632280518184415996074676513671875
0.0819999999999999895639035685235285200178623199462890625
0.0758064516129032250901786937902215868234634399414062500
0.1953333333333333587944480314035899937152862548828125000
0.2045161290322580760481230299774324521422386169433593750
0.1312903225806451579238398608140414580702781677246093750
0.3693103448275861788729912404960487037897109985351562500
0.1351612903225806461282587633832008577883243560791015625
0.1353333333333333332593184650249895639717578887939453125
0.1190322580645161165691092719498556107282638549804687500
0.1533333333333333492465300196272437460720539093017578125
0.1670967741935484029980329978570807725191116333007812500
0.1196774193548387071883709609210200142115354537963867188
0.1639999999999999791278071370470570400357246398925781250
0.1206451612903225861783695904705382417887449264526367188
0.2326666666666666605234325970741338096559047698974609375
0.0780645161290322575631250856531551107764244079589843750
0.1793548387096774165971879710923531092703342437744140625
0.1432142857142857106378386333744856528937816619873046875
0.2029032258064515925610749036422930657863616943359375000
0.1586666666666666780649563861516071483492851257324218750
0.1367741935483871018597312740894267335534095764160156250
0.1083333333333333370340767487505218014121055603027343750
0.1032258064516129031362723367237776983529329299926757812
0.0629032258064516069939742237693280912935733795166015625
0.1566666666666666762885995467513566836714744567871093750
0.1332258064516129159038371199130779132246971130371093750
0.1903333333333333543535559329029638320207595825195312500
0.0667741935483870951983931263384874910116195678710937500
0.1493548387096774177074109957175096496939659118652343750
0.1696428571428571507873073187511181458830833435058593750
0.1441935483870967760200443308349349536001682281494140625
0.1523333333333333206027759842982050031423568725585937500
0.1435483870967741992785704496782273054122924804687500000
0.1193333333333333329262515576374426018446683883666992188
0.1322580645161290369138384903635596856474876403808593750
0.0754838709677419367194417532118677627295255661010742188
0.0933333333333333375891882610631000716239213943481445312
0.0970967741935483824589070422916847746819257736206054688
0.1213333333333333347026083970376930665224790573120117188
0.1958064516129032484048622109185089357197284698486328125
0.2070967741935484107695941702331765554845333099365234375
0.1503571428571428558740308289998210966587066650390625000
0.1587096774193548498477213115620543248951435089111328125
0.1750000000000000166533453693773481063544750213623046875
0.1748387096774193516512951873664860613644123077392578125
0.1376666666666666871687851880778907798230648040771484375
0.1741935483870967749098213062097784131765365600585937500
0.1325806451612903114067876231274567544460296630859375000
0.1546666666666666745122427073511062189936637878417968750
0.1396774193548387110741515471090679056942462921142578125
0.2360000000000000153210777398271602578461170196533203125
0.2132258064516129314469594646652694791555404663085937500
0.2729032258064515992224130513932323083281517028808593750
0.2171428571428571652202066388781531713902950286865234375
0.2787096774193548731624048286903416737914085388183593750
0.2143333333333333479142623900770558975636959075927734375
0.2245161290322580938116914239799370989203453063964843750
0.2663333333333333108328133675968274474143981933593750000
0.2112903225806451734669622055662330240011215209960937500
0.1983870967741935553707577355453395284712314605712890625
0.1803333333333333454717717359017115086317062377929687500
0.2235483870967742148216927944304188713431358337402343750
0.1896666666666666500873361655976623296737670898437500000
0.2109677419354838712184374571734224446117877960205078125
0.2851612903225806405771436402574181556701660156250000000
0.1603571428571428370002394103721599094569683074951171875
0.2741935483870967527053608137066476047039031982421875000
0.2670000000000000150990331349021289497613906860351562500
0.2293548387096774054949577248407877050340175628662109375
0.2106666666666666687390829793002922087907791137695312500
0.2029032258064515925610749036422930657863616943359375000
0.2493548387096773955029505032143788412213325500488281250
0.2560000000000000053290705182007513940334320068359375000
0.2729032258064515992224130513932323083281517028808593750
0.2963333333333333374781659586005844175815582275390625000
0.1980645161290322531222329871525289490818977355957031250
0.3851612903225806738838343790121143683791160583496093750
0.2514285714285714457005838085024151951074600219726562500
0.3435483870967741548696494646719656884670257568359375000
0.2923333333333333339254522798000834882259368896484375000
0.2183870967741935731343261295478441752493381500244140625
0.2819999999999999729105581991461804136633872985839843750
0.2051612903225806527895969111341401003301143646240234375
0.1864516129032258162645518950739642605185508728027343750
0.1839999999999999968913755310495616868138313293457031250
0.1909677419354838812104446787998313084244728088378906250
0.2893333333333333312609170206997077912092208862304687500
0.3741935483870967860120515524613438174128532409667968750
0.1732258064516129236753982922891736961901187896728515625
0.2946428571428571507873073187511181458830833435058593750
0.1706451612903225889539271520334295928478240966796875000
0.3653333333333333432513256866513984277844429016113281250
0.2399999999999999911182158029987476766109466552734375000
0.1836666666666666725138412630258244462311267852783203125
0.2548387096774193394388419164897641167044639587402343750
0.1912903225806451557033938115637283772230148315429687500
0.1543333333333333501347084393273689784109592437744140625
0.2293548387096774054949577248407877050340175628662109375
0.2566666666666667095952902855060528963804244995117187500
0.1658064516129032495150852355436654761433601379394531250
0.2203225806451612756031721573890536092221736907958984375
0.3168965517241379425961156357516301795840263366699218750
0.2899999999999999800159855567471822723746299743652343750
0.3099999999999999977795539507496869191527366638183593750
0.3138709677419355137395484689477598294615745544433593750
0.2026666666666666616336556216992903500795364379882812500
0.2316129032258064379679041167037212289869785308837890625
0.2461290322580645117955810974308406002819538116455078125
0.2313333333333333352577199093502713367342948913574218750
0.3032258064516129003607147751608863472938537597656250000
0.2943333333333333357018091192003339529037475585937500000
0.2183870967741935731343261295478441752493381500244140625
0.4799999999999999822364316059974953532218933105468750000
0.4364285714285714434801377592521021142601966857910156250
0.3061290322580645373307106638094410300254821777343750000
0.3513333333333333308168278108496451750397682189941406250
0.2800000000000000266453525910037569701671600341796875000
0.1600000000000000033306690738754696212708950042724609375
0.2338709677419354981964261241955682635307312011718750000
0.1822580645161290535671838597409077920019626617431640625
0.2369999999999999884536805438983719795942306518554687500
0.3174193548387096996954426231241086497902870178222656250
0.2086666666666666669627261399000417441129684448242187500
0.2051612903225806527895969111341401003301143646240234375
0.2858064516129032450741931370430393144488334655761718750
0.2185714285714285831652148317516548559069633483886718750
0.4064516129032258451303505353280343115329742431640625000
0.2230000000000000037747582837255322374403476715087890625
0.2551612903225806694429422805114882066845893859863281250
0.2720000000000000195399252334027551114559173583984375000
0.2645161290322580738276769807271193712949752807617187500
0.2616129032258064368576810920785646885633468627929687500
0.2710000000000000186517468137026298791170120239257812500
0.1938709677419354904248649518194724805653095245361328125
0.1943333333333333301506939960745512507855892181396484375
0.3193548387096774021642886509653180837631225585937500000
0.5090322580645161298917855674517340958118438720703125000
0.3653571428571428802989373707532649859786033630371093750
0.4129032258064516125450893468951107934117317199707031250
0.3360000000000000208721928629529429599642753601074218750
0.2709677419354838967535670235520228743553161621093750000
0.2250000000000000055511151231257827021181583404541015625
0.3119354838709677557595512098487233743071556091308593750
0.1941935483870967649178140845833695493638515472412109375
0.2030000000000000137667655053519411012530326843261718750
0.1612903225806451568136168361888849176466464996337890625
0.2756666666666666709595290285506052896380424499511718750
0.2945161290322581004730295717308763414621353149414062500
0.2800000000000000266453525910037569701671600341796875000
0.4389655172413792771912710577453253790736198425292968750
0.2938709677419354959759800749452551826834678649902343750
0.3053333333333333454717717359017115086317062377929687500
0.2725806451612903247294639186293352395296096801757812500
0.2119999999999999940047956670241546817123889923095703125
0.2516129032258064279758968950773123651742935180664062500
0.2354838709677419261723230192728806287050247192382812500
0.2530000000000000026645352591003756970167160034179687500
0.2664516129032258318076742398261558264493942260742187500
0.3313333333333333130532594168471405282616615295410156250
0.2116129032258064479599113383301300927996635437011718750
0.3432258064516128803767003319080686196684837341308593750
0.5200000000000000177635683940025046467781066894531250000
0.2858064516129032450741931370430393144488334655761718750
0.3679999999999999937827510620991233736276626586914062500
0.2764516129032257851783072055695811286568641662597656250
0.2683333333333333126091702069970779120922088623046875000
0.3206451612903225556472364132787333801388740539550781250
0.2306451612903226144890567184120300225913524627685546875
0.2080000000000000182076576038525672629475593566894531250
0.1641935483870967660280371092085260897874832153320312500
0.2673333333333333672321430185547797009348869323730468750
0.3435483870967741548696494646719656884670257568359375000
0.2990322580645161099077711241989163681864738464355468750
0.1975000000000000088817841970012523233890533447265625000
0.3129032258064516347495498393982416018843650817871093750
0.3543333333333333334813630699500208720564842224121093750
0.2770967741935483896753567023552022874355316162109375000
0.2903333333333333321490954403998330235481262207031250000
0.2890322580645161010259869271976640447974205017089843750
0.2883870967741935520400886616698699072003364562988281250
0.2686666666666666647422800906497286632657051086425781250
0.3193548387096774021642886509653180837631225585937500000
0.3703333333333333476922177851520245894789695739746093750
0.2432258064516129303367364400401129387319087982177734375
0.2845161290322580915912453747296240180730819702148437500
0.4375000000000000000000000000000000000000000000000000000
0.3261290322580644995831278265541186556220054626464843750
0.3523333333333333317050062305497704073786735534667968750
0.2538709677419354604488432869402458891272544860839843750
0.2376666666666666649643246955747599713504314422607421875
0.1935483870967742159319158190555754117667675018310546875
0.2209677419354838801002216541746747680008411407470703125
0.2053333333333333676762322284048423171043395996093750000
0.1883870967741935742445491541730007156729698181152343750
0.1639999999999999791278071370470570400357246398925781250
0.2283870967741935542605347109201829880475997924804687500
0.3858064516129032228697326445399085059762001037597656250
0.2513793103448275778610820907488232478499412536621093750
0.2945161290322581004730295717308763414621353149414062500
0.4116666666666666252183404139941558241844177246093750000
0.2822580645161290591182989828666904941201210021972656250
0.2963333333333333374781659586005844175815582275390625000
0.2538709677419354604488432869402458891272544860839843750
0.3309677419354838390219697430438827723264694213867187500
0.3236666666666666580809419428987894207239151000976562500
0.2809677419354839056353512205532751977443695068359375000
0.2630000000000000115463194561016280204057693481445312500
0.2370967741935484096593711456080200150609016418457031250
0.3599999999999999866773237044981215149164199829101562500
0.3564285714285714834481666457577375695109367370605468750
0.2999999999999999888977697537484345957636833190917968750
0.3150000000000000022204460492503130808472633361816406250
0.2887096774193548265330377944337669759988784790039062500
0.3240000000000000102140518265514401718974113464355468750
0.2977419354838709564248233618855010718107223510742187500
0.2864516129032257940600914025708334520459175109863281250
0.3123333333333333516890206738025881350040435791015625000
0.1580645161290322731062474304053466767072677612304687500
0.3003333333333333410308796374010853469371795654296875000
0.4622580645161290524569608351157512515783309936523437500
0.4583870967741935364969663169176783412694931030273437500
0.1460714285714285742834306347504025325179100036621093750
0.3767741935483871484890983083460014313459396362304687500
0.2789999999999999702460229400458047166466712951660156250
0.2632258064516129203447292184137040749192237854003906250
0.2179999999999999993338661852249060757458209991455078125
0.3574193548387096797114281798712909221649169921875000000
0.2222580645161290335831694164880900643765926361083984375
0.3756666666666667042662197673053015023469924926757812500
0.2838709677419354870941958779440028592944145202636718750
0.2556666666666666531959606345481006428599357604980468750
0.2038709677419354715510735331918112933635711669921875000
0.3803225806451612789338412312645232304930686950683593750
0.2121428571428571607793145403775270096957683563232421875
0.3435483870967741548696494646719656884670257568359375000
0.2410000000000000197619698383277864195406436920166015625
0.2941935483870967704689292077091522514820098876953125000
0.2663333333333333108328133675968274474143981933593750000
0.2377419354838709586452694111358141526579856872558593750
0.3354838709677419039678625267697498202323913574218750000
0.3579999999999999849009668650978710502386093139648437500
0.2435483870967742048296855728040100075304508209228515625
0.3333333333333333703407674875052180141210556030273437500
0.2316129032258064379679041167037212289869785308837890625
0.5274193548387097196794570663769263774156570434570312500
0.3124137931034483006698110330034978687763214111328125000
0.2770967741935483896753567023552022874355316162109375000
0.3426666666666666749563319172011688351631164550781250000
0.2451612903225806328055824678813223727047443389892578125
0.2250000000000000055511151231257827021181583404541015625
0.2758064516129032361924089400417869910597801208496093750
0.2732258064516129292265134154149563983082771301269531250
0.1960000000000000075495165674510644748806953430175781250
0.2974193548387096819318742291216040030121803283691406250
0.2480000000000000259792187762286630459129810333251953125
0.3367741935483871129619615203409921377897262573242187500
0.3345161290322580804890151284780586138367652893066406250
0.2817857142857142505043555047450354322791099548339843750
0.3351612903225806294749133940058527514338493347167968750
0.3593333333333332824111039371928200125694274902343750000
0.2964516129032258029418755995720857754349708557128906250
0.1903333333333333543535559329029638320207595825195312500
0.2232258064516129125731680460376082919538021087646484375
0.2141935483870967549258068629569606855511665344238281250
0.2036666666666666625218340413994155824184417724609375000
0.2187096774193548476272752623117412440478801727294921875
0.3006666666666666931639895210537360981106758117675781250
0.3154838709677419417154453640250721946358680725097656250
0.2541935483870967904529436509619699791073799133300781250
0.3714285714285714412596917100017890334129333496093750000
0.3983870967741935387174123661679914221167564392089843750
0.2503333333333333521331098836526507511734962463378906250
0.2038709677419354715510735331918112933635711669921875000
0.2480000000000000259792187762286630459129810333251953125
0.2612903225806451623647319593146676197648048400878906250
0.2700000000000000177635683940025046467781066894531250000
0.1763333333333333419190580571012105792760848999023437500
0.1832258064516129325571824892904260195791721343994140625
0.2139999999999999957811525064244051463901996612548828125
0.2977419354838709564248233618855010718107223510742187500
0.2122580645161290524569608351157512515783309936523437500
0.1557142857142857217400688796260510571300983428955078125
0.3235483870967741926172323019272880628705024719238281250
0.3290000000000000146549439250520663335919380187988281250
0.2980645161290322309177724946493981406092643737792968750
0.2706666666666666665186369300499791279435157775878906250
0.2341935483870967726893752569594653323292732238769531250
0.1958064516129032484048622109185089357197284698486328125
0.2113333333333333452497271309766802005469799041748046875
0.2580645161290322509017869379022158682346343994140625000
0.3119999999999999995559107901499373838305473327636718750
0.3270967741935483785731264561036368831992149353027343750
0.4141935483870968215391883404663531109690666198730468750
0.2534482758620689724082808425009716302156448364257812500
0.2387096774193548376352680406853323802351951599121093750
0.2146666666666666445362210424718796275556087493896484375
0.2058064516129032295310707922908477485179901123046875000
0.2610000000000000097699626167013775557279586791992187500
0.2216129032258064568416955353313824161887168884277343750
0.2448387096774193583126333351174253039062023162841796875
0.2139999999999999957811525064244051463901996612548828125
0.5025806451612903069658955246268305927515029907226562500
0.2600000000000000088817841970012523233890533447265625000
0.2474193548387096930341044753731694072484970092773437500
0.3632258064516128981402687259105732664465904235839843750
0.3410714285714285254336175512435147538781166076660156250
0.2300000000000000099920072216264088638126850128173828125
0.2306666666666666587470757576738833449780941009521484375
0.2687096774193548642806206316890893504023551940917968750
0.2836666666666666780649563861516071483492851257324218750
0.1545161290322580593947776606000843457877635955810546875
0.2099999999999999922284388276239042170345783233642578125
0.2076666666666666660745477201999165117740631103515625000
0.2035483870967741970581244004279142245650291442871093750
0.2453333333333333476922177851520245894789695739746093750
0.4432258064516129136833910706627648323774337768554687500
0.3412903225806451779078543040668591856956481933593750000
0.2192857142857142782599311203739489428699016571044921875
0.2732258064516129292265134154149563983082771301269531250
0.2056666666666666642981908807996660470962524414062500000
0.1677419354838709519839312633848749101161956787109375000
0.1950000000000000066613381477509392425417900085449218750
0.2825806451612903336112481156305875629186630249023437500
0.2116129032258064479599113383301300927996635437011718750
0.2856666666666666798413132255518576130270957946777343750
0.3429032258064516058837511991441715508699417114257812500
0.4146666666666666833940269043523585423827171325683593750
0.2538709677419354604488432869402458891272544860839843750
0.3177419354838709741883917558880057185888290405273437500
0.2289285714285714257165693652495974674820899963378906250
0.2322580645161290424649536134893423877656459808349609375
0.3436666666666666758445103369012940675020217895507812500
0.2025806451612903180681257708783959969878196716308593750
0.2706666666666666665186369300499791279435157775878906250
0.1948387096774193694148635813689907081425189971923828125
0.2545161290322580649458927837258670479059219360351562500
0.2030000000000000137667655053519411012530326843261718750
0.2048387096774193505410721627413295209407806396484375000
0.2110000000000000208721928629529429599642753601074218750
0.2787096774193548731624048286903416737914085388183593750
0.1925806451612903369419171895060571841895580291748046875
0.3372413793103448687027423602557973936200141906738281250
0.1796774193548387188457127194851636886596679687500000000
0.3166666666666667073748442362557398155331611633300781250
0.1574193548387096963647735492486390285193920135498046875
0.1783333333333333159398392808725475333631038665771484375
0.2190322580645161221202243950756383128464221954345703125
0.2158064516129032384128549892921000719070434570312500000
0.1773333333333333428072364768013358116149902343750000000
0.2325806451612903169579027462532394565641880035400390625
0.2596666666666666567486743133486015722155570983886718750
0.1087096774193548470721637499991629738360643386840820312
0.2335483870967741959479013758027576841413974761962890625
0.1903571428571428636455920013759168796241283416748046875
0.3522580645161290657796371306176297366619110107421875000
0.2656666666666666620777448315493529662489891052246093750
0.2035483870967741970581244004279142245650291442871093750
0.1996666666666666589691203625989146530628204345703125000
0.1838709677419354815430807548182201571762561798095703125
0.2700000000000000177635683940025046467781066894531250000
0.2160000000000000253130849614535691216588020324707031250
0.1993548387096774066051807494659442454576492309570312500
0.2196666666666666489771131409725057892501354217529296875
0.3183870967741935786854412526736268773674964904785156250
0.2309677419354838889820058511759270913898944854736328125
0.1617857142857142827008232188745751045644283294677734375
0.4090322580645161520962460599548649042844772338867187500
0.2063333333333333408088350324760540388524532318115234375
0.2209677419354838801002216541746747680008411407470703125
0.2536666666666666514196037951478501781821250915527343750
0.2796774193548387521524034582398599013686180114746093750
0.2138709677419354804328577301930636167526245117187500000
0.1453333333333333421411026620262418873608112335205078125
0.2367741935483870796552707815862959250807762145996093750
0.1583333333333333536874221181278699077665805816650390625
0.3635483870967741726332178586744703352451324462890625000
0.1848387096774193605330793843677383847534656524658203125
0.2007142857142857339525221505027730017900466918945312500
0.2390322580645161121282171734492294490337371826171875000
0.3453333333333333254877572926488937810063362121582031250
0.2309677419354838889820058511759270913898944854736328125
0.1923333333333333561299127723032142966985702514648437500
0.1764516129032258073827676980727119371294975280761718750
0.2106451612903225967254883244095253758132457733154296875
0.1890000000000000013322676295501878485083580017089843750
0.2019354838709677690822275053506018593907356262207031250
0.2116666666666666696272613990004174411296844482421875000
0.3090322580645161187895553212001686915755271911621093750
0.2093548387096774154869649464671965688467025756835937500
0.4013793103448276000655425832519540563225746154785156250
0.3119354838709677557595512098487233743071556091308593750
0.3119999999999999995559107901499373838305473327636718750
0.2980645161290322309177724946493981406092643737792968750
0.2136666666666666714036182384006679058074951171875000000
0.1429032258064516225370965685215196572244167327880859375
0.2283870967741935542605347109201829880475997924804687500
0.2050000000000000155431223447521915659308433532714843750
0.1877419354838709697474996573873795568943023681640625000
0.2916666666666666851703837437526090070605278015136718750
0.1893548387096773977233965524646919220685958862304687500
0.2306451612903226144890567184120300225913524627685546875
0.1678571428571428436615775581230991519987583160400390625
0.2248387096774193683046405567438341677188873291015625000
0.2530000000000000026645352591003756970167160034179687500
0.2325806451612903169579027462532394565641880035400390625
0.2256666666666666820617592748021706938743591308593750000
0.1329032258064516136553123715202673338353633880615234375
0.0709677419354838717735489694860007148236036300659179688
0.2080000000000000182076576038525672629475593566894531250
0.2112903225806451734669622055662330240011215209960937500
0.1063333333333333352577199093502713367342948913574218750
0.2735483870967742037194625481788534671068191528320312500
0.1312903225806451579238398608140414580702781677246093750
0.2610714285714285654016464377491502091288566589355468750
0.2222580645161290335831694164880900643765926361083984375
0.2436666666666666702933952137755113653838634490966796875
0.2332258064516129214549522430388606153428554534912109375
0.1893333333333333534653775132028385996818542480468750000
0.2764516129032257851783072055695811286568641662597656250
0.2338709677419354981964261241955682635307312011718750000
0.2139999999999999957811525064244051463901996612548828125
0.2777419354838709941724061991408234462141990661621093750
0.2963333333333333374781659586005844175815582275390625000
0.2025806451612903180681257708783959969878196716308593750
0.2800000000000000266453525910037569701671600341796875000
0.2121428571428571607793145403775270096957683563232421875
0.3229032258064515881201828051416669040918350219726562500
0.2813333333333333241554896630987059324979782104492187500
0.2187096774193548476272752623117412440478801727294921875
0.2000000000000000111022302462515654042363166809082031250
0.2438709677419354793226347055679070763289928436279296875
0.2796774193548387521524034582398599013686180114746093750
0.3226666666666666571927635231986641883850097656250000000
0.2329032258064516192064274946460500359535217285156250000
0.1783333333333333159398392808725475333631038665771484375
0.2819354838709677846253498501027934253215789794921875000
0.2174193548387096941443274999983259476721286773681640625
0.3403448275862069327679648722551064565777778625488281250
0.2429032258064516003326360760183888487517833709716796875
0.2700000000000000177635683940025046467781066894531250000
0.2922580645161290680000831798679428175091743469238281250
0.2169999999999999984456877655247808434069156646728515625
0.1912903225806451557033938115637283772230148315429687500
0.1974193548387096763807591059958213008940219879150390625
0.1773333333333333428072364768013358116149902343750000000
0.2509677419354838789899986295495182275772094726562500000
0.2160000000000000253130849614535691216588020324707031250
0.1745161290322580771583460546025889925658702850341796875
0.2000000000000000111022302462515654042363166809082031250
0.2796428571428571374646310232492396607995033264160156250
0.2322580645161290424649536134893423877656459808349609375
0.2513333333333333530212883033527759835124015808105468750
0.2619354838709677668617814561002887785434722900390625000
0.2606666666666666576368527330487268045544624328613281250
0.1861290322580645140160271466811536811292171478271484375
0.1922580645161290346933924411132466048002243041992187500
0.1760000000000000175415237890774733386933803558349609375
0.2138709677419354804328577301930636167526245117187500000
0.2523333333333333539094667230529012158513069152832031250
0.3900000000000000133226762955018784850835800170898437500
0.2038709677419354715510735331918112933635711669921875000
0.4010714285714285232131715019932016730308532714843750000
0.2058064516129032295310707922908477485179901123046875000
0.2226666666666666516416484000728814862668514251708984375
0.2380645161290322331382185438997112214565277099609375000
0.2303333333333333621251171052790596149861812591552734375
0.2503225806451612744929491327638970687985420227050781250
0.2416129032258064468496883137049735523760318756103515625
0.1996666666666666589691203625989146530628204345703125000
0.2151612903225806339158054925064789131283760070800781250
0.1843333333333333490244854147022124379873275756835937500
0.1641935483870967660280371092085260897874832153320312500
0.1964516129032257973907604764463030733168125152587890625
0.4214285714285714856686126950080506503582000732421875000
0.3358064516129032339719628907914739102125167846679687500
0.3119999999999999995559107901499373838305473327636718750
0.2638709677419354693306274839414982125163078308105468750
0.1836666666666666725138412630258244462311267852783203125
0.2303225806451612844849563543903059326112270355224609375
0.1645161290322580682765618576013366691768169403076171875
0.2410000000000000197619698383277864195406436920166015625
0.2567741935483870974188391755888005718588829040527343750
0.1793333333333333445835933162015862762928009033203125000
0.2316129032258064379679041167037212289869785308837890625
0.1690322580645161332224546413272037170827388763427734375
0.2800000000000000266453525910037569701671600341796875000
0.2019354838709677690822275053506018593907356262207031250
0.2720000000000000195399252334027551114559173583984375000
0.2009677419354838900922288758010836318135261535644531250
0.2363333333333333396986120078508974984288215637207031250
0.2177419354838709686372766327622230164706707000732421875
0.2061290322580645317795955406836583279073238372802734375
0.2220000000000000028865798640254070051014423370361328125
0.3796774193548387299479429657367290928959846496582031250
0.2326666666666666605234325970741338096559047698974609375
0.1680645161290322542324560117776854895055294036865234375
0.3341935483870968059960659957141615450382232666015625000
0.1964285714285714246063463406244409270584583282470703125
0.3254838709677419505972295610263245180249214172363281250
0.3123333333333333516890206738025881350040435791015625000
0.0945161290322580616152237098503974266350269317626953125
0.1976666666666666571927635231986641883850097656250000000
0.1777419354838709608657154603861272335052490234375000000
0.2090322580645161132384401980743859894573688507080078125
0.1409999999999999864552790995730902068316936492919921875
0.1661290322580645240080343683075625449419021606445312500
0.1406666666666666620777448315493529662489891052246093750
0.1370967741935483763526804068533238023519515991210937500
0.2364516129032258051623216488223988562822341918945312500
0.1846428571428571641099836142529966309666633605957031250
0.2929032258064516169859814453957369551062583923339843750
0.2233333333333333281522925517492694780230522155761718750
0.1216129032258064651683682200200564693659543991088867188
0.0913333333333333358128314216628496069461107254028320312
0.0861290322580645223426998313698277343064546585083007812
0.1835483870967742070501316220543230883777141571044921875
0.1089999999999999996669330926124530378729104995727539062
0.0754838709677419367194417532118677627295255661010742188
0.0813333333333333269310472246615972835570573806762695312
0.1883870967741935742445491541730007156729698181152343750
0.1145161290322580655010042960384453181177377700805664062
0.1385714285714285676220924869994632899761199951171875000
0.2741935483870967527053608137066476047039031982421875000
0.0830000000000000043298697960381105076521635055541992188
0.1622580645161290358036154657384031452238559722900390625
0.1333333333333333314829616256247390992939472198486328125
0.1083870967741935448236390016063523944467306137084960938
0.1012903225806451590340628854391979984939098358154296875
0.0593333333333333351466976068877556826919317245483398438
0.1112903225806451679158470824404503218829631805419921875
0.1853333333333333499126638344023376703262329101562500000
0.0922580645161290430200651258019206579774618148803710938
0.1312903225806451579238398608140414580702781677246093750
0.0827586206896551851430743340642948169261217117309570312
0.1277419354838709719679457066376926377415657043457031250
0.1630000000000000059952043329758453182876110076904296875
0.1741935483870967749098213062097784131765365600585937500
0.0840000000000000052180482157382357399910688400268554688
0.1048387096774193588677448474300035741180181503295898438
0.0854838709677419456012259502131200861185789108276367188
0.1009999999999999925615057350114511791616678237915039062
0.0967741935483871079659579095277877058833837509155273438
0.0940000000000000002220446049250313080847263336181640625
0.2048387096774193505410721627413295209407806396484375000
0.1422580645161290457956226873648120090365409851074218750
0.0560714285714285706752058047186437761411070823669433594
0.1067741935483871029699542987145832739770412445068359375
0.1103333333333333388104335881507722660899162292480468750
0.1167741935483870979739506879013788420706987380981445312
0.0946666666666666767326887566014192998409271240234375000
0.0851612903225806433527012018203095067292451858520507812
0.0951612903225806383566975910071050748229026794433593750
0.0836666666666666669627261399000417441129684448242187500
0.1854838709677419372745532655244460329413414001464843750
0.3023333333333333428072364768013358116149902343750000000
0.2770967741935483896753567023552022874355316162109375000
0.0683870967741935509298656370447133667767047882080078125
0.1092857142857142915826074158758274279534816741943359375
0.1922580645161290346933924411132466048002243041992187500
0.2310000000000000108801856413265340961515903472900390625
0.1129032258064516236473195931466761976480484008789062500
0.1403333333333333377002105635256157256662845611572265625
0.2648387096774193483206261134910164400935173034667968750
0.0932258064516129081322759475369821302592754364013671875
0.1203333333333333338144299773375678341835737228393554688
0.2487096774193548465170522376865847036242485046386718750
0.2656666666666666620777448315493529662489891052246093750
0.1796774193548387188457127194851636886596679687500000000
0.1735483870967741981683474250530707649886608123779296875
0.2664285714285714035121088727464666590094566345214843750
0.3187096774193548531783903854375239461660385131835937500
0.3243333333333333068360104789462639018893241882324218750
0.2658064516129032273106247430405346676707267761230468750
0.1860000000000000264233079860787256620824337005615234375
0.1893548387096773977233965524646919220685958862304687500
0.1783870967741935653627649571717483922839164733886718750
0.1053333333333333343695414896501461043953895568847656250
0.1351612903225806461282587633832008577883243560791015625
0.2223333333333333550196897476780577562749385833740234375
0.2203225806451612756031721573890536092221736907958984375
0.3829032258064515858997367558913538232445716857910156250
0.2634482758620689812900650395022239536046981811523437500
0.3467741935483871218437457173422444611787796020507812500
0.2546666666666666523077822148479754105210304260253906250
0.2629032258064515903406288543919799849390983581542968750
0.2043333333333333390324781930758035741746425628662109375
0.2522580645161290324729463918629335239529609680175781250
0.1961290322580645228978113436824060045182704925537109375
0.1513333333333333197145975645980797708034515380859375000
0.2193548387096773966131735278395353816449642181396484375
0.2606666666666666576368527330487268045544624328613281250
0.1616129032258064313065659689527819864451885223388671875
0.1535483870967742081603546466794796288013458251953125000
0.2225000000000000033306690738754696212708950042724609375
0.2958064516129032539559773340442916378378868103027343750
0.2239999999999999769073610877967439591884613037109375000
0.2429032258064516003326360760183888487517833709716796875
0.2053333333333333676762322284048423171043395996093750000
0.1545161290322580593947776606000843457877635955810546875
0.1551612903225806361362515417567919939756393432617187500
0.1283333333333333547976451427530264481902122497558593750
0.1122580645161290469058457119899685494601726531982421875
0.1413333333333333385883889832257409580051898956298828125
0.1283870967741935487094195877944002859294414520263671875
0.2774193548387096641683058351190993562340736389160156250
0.2967857142857142638270318002469139173626899719238281250
0.1096774193548386983065867639197676908224821090698242188
0.1276666666666666782870009910766384564340114593505859375
0.1467741935483871107415154710906790569424629211425781250
0.1106666666666666631879678561745095066726207733154296875
0.1283870967741935487094195877944002859294414520263671875
0.0883870967741935409378584154183045029640197753906250000
0.1336666666666666836160715092773898504674434661865234375
0.1570967741935483941162488008558284491300582885742187500
0.0743333333333333345915860945751774124801158905029296875
0.2254838709677419172905388222716283053159713745117187500
0.1870967741935483930060257762306719087064266204833984375
0.1289285714285714201654542421238147653639316558837890625
0.0561290322580645234529228559949842747300863265991210938
0.1533333333333333492465300196272437460720539093017578125
0.2274193548387096752705360813706647604703903198242187500
0.2050000000000000155431223447521915659308433532714843750
0.1799999999999999933386618522490607574582099914550781250
0.1793548387096774165971879710923531092703342437744140625
0.1473333333333333161618838857975788414478302001953125000
0.2212903225806451545931707869385718367993831634521484375
0.1933333333333333292625155763744260184466838836669921875
0.2590322580645161298917855674517340958118438720703125000
0.2016129032258064390781271413288777694106101989746093750
0.3386206896551723910526732197467936202883720397949218750
0.2122580645161290524569608351157512515783309936523437500
0.2306666666666666587470757576738833449780941009521484375
0.2374193548387096841523202783719170838594436645507812500
0.3026666666666666394291951291961595416069030761718750000
0.2770967741935483896753567023552022874355316162109375000
0.1932258064516129136833910706627648323774337768554687500
0.1839999999999999968913755310495616868138313293457031250
0.1832258064516129325571824892904260195791721343994140625
0.1216666666666666590801426650614303071051836013793945312
0.1709677419354838912024519004262401722371578216552734375
0.2580645161290322509017869379022158682346343994140625000
0.2614285714285714545823680055036675184965133666992187500
0.2712903225806451712465161563159199431538581848144531250
0.2560000000000000053290705182007513940334320068359375000
0.2187096774193548476272752623117412440478801727294921875
0.2506666666666666487550685360474744811654090881347656250
0.1654838709677419195109848715219413861632347106933593750
0.1712903225806451656954010331901372410356998443603515625
0.1363333333333333341474968847251147963106632232666015625
0.0893548387096774199278570449678227305412292480468750000
0.1670000000000000095479180117763462476432323455810546875
0.2003225806451612855951793790154624730348587036132812500
0.2938709677419354959759800749452551826834678649902343750
0.2746428571428571330237389247486134991049766540527343750
0.2041935483870967737995982815846218727529048919677734375
0.2399999999999999911182158029987476766109466552734375000
0.2045161290322580760481230299774324521422386169433593750
0.1876666666666666483109793261974118649959564208984375000
0.2167741935483870896472780032127047888934612274169921875
0.1041935483870967821262709662732959259301424026489257812
0.1180000000000000076605388699135801289230585098266601562
0.0867741935483870990841737125265353824943304061889648438
0.1443333333333333412529242423261166550219058990478515625
0.1203225806451612978076326498921844176948070526123046875
0.1958064516129032484048622109185089357197284698486328125
0.1742857142857142660474778494972269982099533081054687500
0.1996774193548387366092811134876683354377746582031250000
0.1440000000000000168753899743023794144392013549804687500
0.1932258064516129136833910706627648323774337768554687500
0.1873333333333333516890206738025881350040435791015625000
0.1748387096774193516512951873664860613644123077392578125
0.1835483870967742070501316220543230883777141571044921875
0.2093333333333333434733702915764297358691692352294921875
0.2258064516129032472946391862933523952960968017578125000
0.1936666666666666813956254600270767696201801300048828125
0.1270967741935483952264718254809849895536899566650390625
0.2306451612903226144890567184120300225913524627685546875
0.3041379310344827779921672572527313604950904846191406250
0.2180645161290322431302257655261200852692127227783203125
0.0746666666666666728469081704133714083582162857055664062
0.1674193548387096774909821306209778413176536560058593750
0.1913333333333333274861587369741755537688732147216796875
0.1229032258064516186513159823334717657417058944702148438
0.1561290322580645151262501713063102215528488159179687500
0.1873333333333333516890206738025881350040435791015625000
0.1619354838709677613106663329745060764253139495849609375
0.1396666666666666611895664118492277339100837707519531250
0.1499999999999999944488848768742172978818416595458984375
0.2754838709677419061883085760200629010796546936035156250
0.2228571428571428647558150260010734200477600097656250000
0.2083870967741935642525419325465918518602848052978515625
0.1763333333333333419190580571012105792760848999023437500
0.1693548387096774077154037740911007858812808990478515625
0.1719999999999999862332344946480588987469673156738281250
0.1529032258064516314188807655227719806134700775146484375
0.1283870967741935487094195877944002859294414520263671875
0.1860000000000000264233079860787256620824337005615234375
0.1574193548387096963647735492486390285193920135498046875
0.1186666666666666702933952137755113653838634490966796875
0.1541935483870967849018285278361872769892215728759765625
0.3554838709677419217314309207722544670104980468750000000
0.2153571428571428580944768782501341775059700012207031250
0.1519354838709677524288821359732537530362606048583984375
0.2640000000000000124344978758017532527446746826171875000
0.2393548387096774143767419218420400284230709075927734375
0.2806666666666666754004211270512314513325691223144531250
0.3303225806451612900360714775160886347293853759765625000
0.2241935483870967638075910599582130089402198791503906250
0.2293333333333333334813630699500208720564842224121093750
0.1493548387096774177074109957175096496939659118652343750
0.2190000000000000002220446049250313080847263336181640625
0.2964516129032258029418755995720857754349708557128906250
0.2977419354838709564248233618855010718107223510742187500
0.2417857142857142704883699479978531599044799804687500000
0.2493548387096773955029505032143788412213325500488281250
0.3283333333333333658998753890045918524265289306640625000
0.2780645161290322686653553319047205150127410888671875000
0.1683333333333333348136306995002087205648422241210937500
0.2622580645161290413547305888641858473420143127441406250
0.2151612903225806339158054925064789131283760070800781250
0.1966666666666666840601607191274524666368961334228515625
0.2858064516129032450741931370430393144488334655761718750
0.2999999999999999888977697537484345957636833190917968750
0.3558064516129031962243800535361515358090400695800781250
0.3196774193548387321683890149870421737432479858398437500
0.3558620689655172530940774322516517713665962219238281250
0.3574193548387096797114281798712909221649169921875000000
0.1853333333333333499126638344023376703262329101562500000
0.2119354838709677502084360867229406721889972686767578125
0.2360000000000000153210777398271602578461170196533203125
0.2109677419354838712184374571734224446117877960205078125
0.1912903225806451557033938115637283772230148315429687500
0.1860000000000000264233079860787256620824337005615234375
0.2403225806451612933667405513915582560002803802490234375
0.3929999999999999604760603233444271609187126159667968750
0.1751612903225806538998199357592966407537460327148437500
0.1938709677419354904248649518194724805653095245361328125
0.2185714285714285831652148317516548559069633483886718750
0.3177419354838709741883917558880057185888290405273437500
0.2923333333333333339254522798000834882259368896484375000
0.2848387096774193660841945074935210868716239929199218750
0.2720000000000000195399252334027551114559173583984375000
0.3132258064516129092424989721621386706829071044921875000
0.2467741935483870885370549785875482484698295593261718750
0.2780000000000000248689957516035065054893493652343750000
0.1548387096774193616433024089928949251770973205566406250
0.2489999999999999991118215802998747676610946655273437500
0.2961290322580645284489264668081887066364288330078125000
0.2622580645161290413547305888641858473420143127441406250
0.2800000000000000266453525910037569701671600341796875000
0.2922580645161290680000831798679428175091743469238281250
0.3429999999999999715782905695959925651550292968750000000
0.2403225806451612933667405513915582560002803802490234375
0.2819999999999999729105581991461804136633872985839843750
0.2090322580645161132384401980743859894573688507080078125
0.1945161290322580949219144486050936393439769744873046875
0.2356666666666666631879678561745095066726207733154296875
0.1600000000000000033306690738754696212708950042724609375
0.3106666666666666465346224867971614003181457519531250000
0.1793548387096774165971879710923531092703342437744140625
0.3454838709677419128496467237710021436214447021484375000
0.4128571428571428669762610752513865008950233459472656250
0.2851612903225806405771436402574181556701660156250000000
0.2526666666666666505314253754477249458432197570800781250
0.3241935483870967971142817987129092216491699218750000000
0.3126666666666666483109793261974118649959564208984375000
0.2077419354838709597554924357609706930816173553466796875
0.1799999999999999933386618522490607574582099914550781250
0.2210000000000000297539770599541952833533287048339843750
0.4012903225806452311985594860743731260299682617187500000
0.2080000000000000182076576038525672629475593566894531250
0.2635483870967741948376783511776011437177658081054687500
0.3651612903225806561202659850096097216010093688964843750
0.2979310344827585943505710019962862133979797363281250000
0.4612903225806452289781134368240600451827049255371093750
0.3613333333333333396986120078508974984288215637207031250
0.2183870967741935731343261295478441752493381500244140625
0.3313333333333333130532594168471405282616615295410156250
0.4396774193548387277274969164864160120487213134765625000
0.3251612903225806205931291970046004280447959899902343750
0.3750000000000000000000000000000000000000000000000000000
0.4700000000000000288657986402540700510144233703613281250
0.4053333333333333232673112433985807001590728759765625000
0.2287096774193548565090594593129935674369335174560546875
0.3448387096774193638637484582432080060243606567382812500
0.2999999999999999888977697537484345957636833190917968750
0.3883870967741935298356281691667390987277030944824218750
0.3146666666666666500873361655976623296737670898437500000
0.3896774193548387388297271627379814162850379943847656250
0.2923333333333333339254522798000834882259368896484375000
0.3193548387096774021642886509653180837631225585937500000
0.3248387096774193461001800642407033592462539672851562500
0.2760000000000000230926389122032560408115386962890625000
0.2806451612903226311424020877893781289458274841308593750
0.3823333333333333583503588215535273775458335876464843750
0.3506451612903225822925890042824903503060340881347656250
0.3741935483870967860120515524613438174128532409667968750
0.6275000000000000577315972805081401020288467407226562500
0.4251612903225806538998199357592966407537460327148437500
0.5163333333333333108328133675968274474143981933593750000
0.4196774193548387099639285224839113652706146240234375000
0.3510000000000000341948691584548214450478553771972656250
0.3780645161290322464608948394015897065401077270507812500
0.3167741935483870951983931263384874910116195678710937500
0.3663333333333333441395041063515236601233482360839843750
0.3522580645161290657796371306176297366619110107421875000
0.3806666666666667087071118658059276640415191650390625000
0.3167741935483870951983931263384874910116195678710937500
0.5109677419354838878717828265507705509662628173828125000
0.2546428571428571707713217620039358735084533691406250000
0.3619354838709677446573209635971579700708389282226562500
0.3260000000000000119904086659516906365752220153808593750
0.3803225806451612789338412312645232304930686950683593750
0.3776666666666666505314253754477249458432197570800781250
0.2838709677419354870941958779440028592944145202636718750
0.3851612903225806738838343790121143683791160583496093750
0.3253333333333333077241888986463891342282295227050781250
0.3406451612903225734108048072812380269169807434082031250
0.3533333333333333881043358815077226608991622924804687500
0.2203225806451612756031721573890536092221736907958984375
0.2312903225806451634749549839398241601884365081787109375
0.5855172413793103824986019390053115785121917724609375000
0.3819354838709677624208893575996626168489456176757812500
0.3426666666666666749563319172011688351631164550781250000
0.1938709677419354904248649518194724805653095245361328125
0.2053333333333333676762322284048423171043395996093750000
0.2383870967741935631423189079214353114366531372070312500
0.4196774193548387099639285224839113652706146240234375000
0.4513333333333333641235185496043413877487182617187500000
0.3651612903225806561202659850096097216010093688964843750
0.3226666666666666571927635231986641883850097656250000000
0.1509677419354838734388835064237355254590511322021484375
0.2619354838709677668617814561002887785434722900390625000
0.4285714285714285476380780437466455623507499694824218750
0.2922580645161290680000831798679428175091743469238281250
0.4160000000000000364153152077051345258951187133789062500
0.4948387096774193860682089507463388144969940185546875000
0.3446666666666666767326887566014192998409271240234375000
0.3574193548387096797114281798712909221649169921875000000
0.2909677419354838590059841862967004999518394470214843750
0.2939999999999999835686992355476832017302513122558593750
0.3216129032258064901483862740860786288976669311523437500
0.3966666666666666674068153497501043602824211120605468750
0.3751612903225806650020501820108620449900627136230468750
0.3438709677419355403849010599515167996287345886230468750
0.3717857142857143304404132777563063427805900573730468750
0.4870967741935484096593711456080200150609016418457031250
0.3389999999999999680255768907954916357994079589843750000
0.3641935483870967771302673554600914940237998962402343750
0.3863333333333333619030725003540283069014549255371093750
0.3277419354838709830701759528892580419778823852539062500
0.3532258064516128892584845289093209430575370788574218750
0.3203333333333333032832968001457629725337028503417968750
0.2829032258064516081041972483944846317172050476074218750
0.2496666666666666478668901163473492488265037536621093750
0.4335483870967741792945560064254095777869224548339843750
0.3793548387096774554549938329728320240974426269531250000
0.3592857142857143193381830315047409385442733764648437500
0.4961290322580644840400054818019270896911621093750000000
0.3870000000000000106581410364015027880668640136718750000
0.3987096774193548132103614989318884909152984619140625000
0.2543333333333333556858235624531516805291175842285156250
0.2270967741935484007775869486067676916718482971191406250
0.2422580645161290513467378104905947111546993255615234375
0.2323333333333333361458983290503965690732002258300781250
0.2154838709677419361643302408992894925177097320556640625
0.2496666666666666478668901163473492488265037536621093750
0.4329032258064516303086577408976154401898384094238281250
0.4445161290322580671663388329761801287531852722167968750
0.2451724137931034497306370667502051219344139099121093750
0.4541935483870968015551738972135353833436965942382812500
0.2766666666666666718477074482507305219769477844238281250
0.3858064516129032228697326445399085059762001037597656250
0.3500000000000000333066907387546962127089500427246093750
0.3680645161290322375791106424003373831510543823242187500
0.3490322580645161543166921092051779851317405700683593750
0.3463333333333333263759357123490190133452415466308593750
0.2448387096774193583126333351174253039062023162841796875
0.2693333333333333690084998579550301656126976013183593750
0.3822580645161290369138384903635596856474876403808593750
0.2303225806451612844849563543903059326112270355224609375
0.3332142857142856851027090669958852231502532958984375000
0.5061290322580644929217896788031794130802154541015625000
0.4620000000000000217603712826530681923031806945800781250
0.3022580645161290213707161456113681197166442871093750000
0.3916666666666666629659232512494781985878944396972656250
0.2899999999999999800159855567471822723746299743652343750
0.3051612903225806583407120342599228024482727050781250000
0.3266666666666666607454772019991651177406311035156250000
0.3138709677419355137395484689477598294615745544433593750
0.3929999999999999604760603233444271609187126159667968750
0.3154838709677419417154453640250721946358680725097656250
0.3306451612903225645290206102799857035279273986816406250
0.4750000000000000333066907387546962127089500427246093750
0.4274193548387096863727663276222301647067070007324218750
0.4373333333333333516890206738025881350040435791015625000
0.3906451612903225623085745610296726226806640625000000000
0.3190000000000000057731597280508140102028846740722656250
0.3390322580645161454349079122039256617426872253417968750
0.1390322580645161343326776659523602575063705444335937500
0.1533333333333333492465300196272437460720539093017578125
0.2458064516129032373026319646669435314834117889404296875
0.2326666666666666605234325970741338096559047698974609375
0.1706451612903225889539271520334295928478240966796875000
0.1170967741935483863446876284797326661646366119384765625
0.2542857142857142815906001942494185641407966613769531250
0.2264516129032257962805374518211465328931808471679687500
0.3453333333333333254877572926488937810063362121582031250
0.2945161290322581004730295717308763414621353149414062500
0.3250000000000000111022302462515654042363166809082031250
0.1567741935483870918677240524630178697407245635986328125
0.2109677419354838712184374571734224446117877960205078125
0.1093333333333333379222551684506470337510108947753906250
0.2403225806451612933667405513915582560002803802490234375
0.2543333333333333556858235624531516805291175842285156250
0.3741935483870967860120515524613438174128532409667968750
0.3416129032258065079119546680885832756757736206054687500
0.2206896551724138177963396856284816749393939971923828125
0.4409677419354838256992934475420042872428894042968750000
0.3176666666666666527518714246980380266904830932617187500
0.2896774193548387055230364239832852035760879516601562500
0.2533333333333332992864939114951994270086288452148437500
0.2551612903225806694429422805114882066845893859863281250
0.2396774193548387166252666702348506078124046325683593750
0.2256666666666666820617592748021706938743591308593750000
0.2425806451612903258396869432544917799532413482666015625
0.2076666666666666660745477201999165117740631103515625000
0.2283870967741935542605347109201829880475997924804687500
0.1887096774193548487374982869368977844715118408203125000
0.3292857142857142926928304405009839683771133422851562500
0.2867741935483870685530405353347305208444595336914062500
0.3423333333333333228232220335485180839896202087402343750
0.2383870967741935631423189079214353114366531372070312500
0.2223333333333333550196897476780577562749385833740234375
0.2496774193548387255070508672361029312014579772949218750
0.2219354838709677590902202837241929955780506134033203125
0.2013333333333333363679429339754278771579265594482421875
0.3274193548387097085772268201253609731793403625488281250
0.4050000000000000266453525910037569701671600341796875000
0.2993548387096773844007202569628134369850158691406250000
0.2538709677419354604488432869402458891272544860839843750
0.2828571428571428625353689767507603392004966735839843750
0.2670967741935483807935725053539499640464782714843750000
0.3436666666666666758445103369012940675020217895507812500
0.2587096774193548553988364346878370270133018493652343750
0.2726666666666666682949937694502295926213264465332031250
0.2964516129032258029418755995720857754349708557128906250
0.2483870967741935720241031049226876348257064819335937500
0.2433333333333333181602853301228606142103672027587890625
0.3841935483870967948938357494625961408019065856933593750
0.2896666666666666833940269043523585423827171325683593750
0.5977419354838710008337443468917626887559890747070312500
0.2961290322580645284489264668081887066364288330078125000
0.2610714285714285654016464377491502091288566589355468750
0.3641935483870967771302673554600914940237998962402343750
0.3633333333333333414749688472511479631066322326660156250
0.3448387096774193638637484582432080060243606567382812500
0.2919999999999999817923423961474327370524406433105468750
0.3212903225806452156554371413221815600991249084472656250
0.2248387096774193683046405567438341677188873291015625000
0.1509999999999999953370632965743425302207469940185546875
0.2658064516129032273106247430405346676707267761230468750
0.3283333333333333658998753890045918524265289306640625000
0.3093548387096773932825044539640657603740692138671875000
0.6654838709677419750221361027797684073448181152343750000
0.3810344827586207294700670900056138634681701660156250000
0.3074193548387096908136584261228563264012336730957031250
0.3576666666666666882790082127030473202466964721679687500
0.3383870967741935409378584154183045029640197753906250000
0.2190000000000000002220446049250313080847263336181640625
0.3109677419354838767695525802992051467299461364746093750
0.3203225806451612811542872805148363113403320312500000000
0.2939999999999999835686992355476832017302513122558593750
0.3716129032258064790461560278345132246613502502441406250
0.4683333333333333792225516845064703375101089477539062500
0.3796774193548387299479429657367290928959846496582031250
0.2851612903225806405771436402574181556701660156250000000
0.4321428571428571618895375650026835501194000244140625000
0.4529032258064515925610749036422930657863616943359375000
0.5799999999999999600319711134943645447492599487304687500
0.4748387096774193683046405567438341677188873291015625000
0.3933333333333333681203214382549049332737922668457031250
0.3396774193548387499319574089895468205213546752929687500
0.3232258064516128626131319379055639728903770446777343750
0.2813333333333333241554896630987059324979782104492187500
0.2538709677419354604488432869402458891272544860839843750
0.2119999999999999940047956670241546817123889923095703125
0.2141935483870967549258068629569606855511665344238281250
0.1851612903225806350260285171316354535520076751708984375
0.1335714285714285909367760041277506388723850250244140625
0.3790322580645161809620447002089349552989006042480468750
0.2590000000000000079936057773011270910501480102539062500
0.3300000000000000155431223447521915659308433532714843750
0.2543333333333333556858235624531516805291175842285156250
0.2619354838709677668617814561002887785434722900390625000
0.2951612903225806494589278372586704790592193603515625000
0.3879999999999999560351682248438009992241859436035156250
0.2358064516129032561764233832946047186851501464843750000
0.1776666666666666671847707448250730521976947784423828125
0.3787096774193547954467931049293838441371917724609375000
0.2941935483870967704689292077091522514820098876953125000
0.3432142857142856939844932639971375465393066406250000000
0.3806451612903225534267903640284202992916107177734375000
0.3086666666666667002694168786547379568219184875488281250
0.2509677419354838789899986295495182275772094726562500000
0.2636666666666666603013879921491025015711784362792968750
0.2454838709677419350541072162741329520940780639648437500
0.1551612903225806361362515417567919939756393432617187500
0.2153333333333333488024408097771811299026012420654296875
0.3380645161290322664449092826544074341654777526855468750
0.3313333333333333130532594168471405282616615295410156250
0.4132258064516128870380384796590078622102737426757812500
0.3593548387096774376914254389703273773193359375000000000
0.4041379310344828112988579960074275732040405273437500000
0.4116129032258064590621415845816954970359802246093750000
0.4349999999999999977795539507496869191527366638183593750
0.4193548387096774354709793897200142964720726013183593750
0.4063333333333333241554896630987059324979782104492187500
0.3435483870967741548696494646719656884670257568359375000
0.3341935483870968059960659957141615450382232666015625000
0.2646666666666666611895664118492277339100837707519531250
0.2435483870967742048296855728040100075304508209228515625
0.3429999999999999715782905695959925651550292968750000000
0.3267741935483871040801773233397398144006729125976562500
0.3441935483870968148778501927154138684272766113281250000
0.4196428571428571507873073187511181458830833435058593750
0.3780645161290322464608948394015897065401077270507812500
0.4046666666666666745122427073511062189936637878417968750
0.3380645161290322664449092826544074341654777526855468750
0.3400000000000000244249065417534438893198966979980468750
0.3467741935483871218437457173422444611787796020507812500
0.2993548387096773844007202569628134369850158691406250000
0.3360000000000000208721928629529429599642753601074218750
0.3225806451612903136272336723777698352932929992675781250
0.4413333333333333552417343526030890643596649169921875000
0.3735483870967741815150020556757226586341857910156250000
0.3303225806451612900360714775160886347293853759765625000
0.3135714285714285565198622407478978857398033142089843750
0.3596774193548387121843745717342244461178779602050781250
0.3733333333333333503567530442524002864956855773925781250
0.3106451612903226022766034475353080779314041137695312500
0.3079999999999999960031971113494364544749259948730468750
0.3074193548387096908136584261228563264012336730957031250
0.2806451612903226311424020877893781289458274841308593750
0.2116666666666666696272613990004174411296844482421875000
0.2764516129032257851783072055695811286568641662597656250
0.2716666666666666674068153497501043602824211120605468750
0.2612903225806451623647319593146676197648048400878906250
0.3093548387096773932825044539640657603740692138671875000
0.2278571428571428414411315088727860711514949798583984375
0.2206451612903226056072725214107776992022991180419921875
0.1883333333333333248216234778737998567521572113037109375
0.2248387096774193683046405567438341677188873291015625000
0.2606666666666666576368527330487268045544624328613281250
0.2861290322580645195671422698069363832473754882812500000
0.2564516129032258229258900428249035030603408813476562500
0.2073333333333333416970134521761792711913585662841796875
0.2170967741935483918958027516055153682827949523925781250
0.2276666666666666560825404985735076479613780975341796875
0.2212903225806451545931707869385718367993831634521484375
0.2893548387096774310300872912193881347775459289550781250
0.3020689655172413834449685055005829781293869018554687500
0.3854838709677419483767835117760114371776580810546875000
0.2999999999999999888977697537484345957636833190917968750
0.3035483870967742303648151391826104372739791870117187500
0.3479999999999999760191826680966187268495559692382812500
0.3383870967741935409378584154183045029640197753906250000
0.2870967741935483985571408993564546108245849609375000000
0.3033333333333333436954148965014610439538955688476562500
0.2645161290322580738276769807271193712949752807617187500
0.3646666666666666944962571506039239466190338134765625000
0.2632258064516129203447292184137040749192237854003906250
0.3419354838709677824049038008524803444743156433105468750
0.3617857142857143215586290807550540193915367126464843750
0.3341935483870968059960659957141615450382232666015625000
0.3986666666666666691831721891503548249602317810058593750
0.3767741935483871484890983083460014313459396362304687500
0.3596666666666666900553650521032977849245071411132812500
0.2270967741935484007775869486067676916718482971191406250
0.3016129032258064723848178800835739821195602416992187500
0.3046666666666666412055519685964100062847137451171875000
0.3035483870967742303648151391826104372739791870117187500
0.3563333333333333352577199093502713367342948913574218750
0.3435483870967741548696494646719656884670257568359375000
0.5045161290322580649458927837258670479059219360351562500
0.4532142857142856806618169684952590614557266235351562500
0.3219354838709677646413354068499756976962089538574218750
0.3256666666666667153684500135568669065833091735839843750
0.3438709677419355403849010599515167996287345886230468750
0.3716666666666666452023548572469735518097877502441406250
0.3174193548387096996954426231241086497902870178222656250
0.3109677419354838767695525802992051467299461364746093750
0.3023333333333333428072364768013358116149902343750000000
0.3438709677419355403849010599515167996287345886230468750
0.2436666666666666702933952137755113653838634490966796875
0.4570967741935483830140185546042630448937416076660156250
0.4045161290322580871503532762289978563785552978515625000
0.3417857142857143037950606867525493726134300231933593750
0.3500000000000000333066907387546962127089500427246093750
0.3970000000000000195399252334027551114559173583984375000
0.4432258064516129136833910706627648323774337768554687500
0.3653333333333333432513256866513984277844429016113281250
0.3641935483870967771302673554600914940237998962402343750
0.3409677419354838479037539400451350957155227661132812500
0.2793333333333333223791328236984554678201675415039062500
0.3974193548387097152385649678763002157211303710937500000
0.3436666666666666758445103369012940675020217895507812500
0.3580645161290322286973264453990850597620010375976562500
0.3174193548387096996954426231241086497902870178222656250
0.4724137931034482762449044912500539794564247131347656250
0.4638709677419355359440089614508906379342079162597656250
0.3806666666666667087071118658059276640415191650390625000
0.4570967741935483830140185546042630448937416076660156250
0.3023333333333333428072364768013358116149902343750000000
0.2822580645161290591182989828666904941201210021972656250
0.2896774193548387055230364239832852035760879516601562500
0.3029999999999999915623050128488102927803993225097656250
0.3464516129032258473507965845783473923802375793457031250
0.3683333333333333459158609457517741248011589050292968750
0.4725806451612903358316941648809006437659263610839843750
0.2506451612903226044970494967856211587786674499511718750
0.3325000000000000177635683940025046467781066894531250000
0.3448387096774193638637484582432080060243606567382812500
0.4150000000000000355271367880050092935562133789062500000
0.3516129032258064612825876338320085778832435607910156250
0.3123333333333333516890206738025881350040435791015625000
0.2964516129032258029418755995720857754349708557128906250
0.3016129032258064723848178800835739821195602416992187500
0.3489999999999999769073610877967439591884613037109375000
0.2835483870967742126012467451801057904958724975585937500
0.3563333333333333352577199093502713367342948913574218750
0.2883870967741935520400886616698699072003364562988281250
0.2645161290322580738276769807271193712949752807617187500
0.3792857142857143371017514255072455853223800659179687500
0.4187096774193548309739298929343931376934051513671875000
0.4253333333333333410308796374010853469371795654296875000
0.2906451612903225845130350535328034311532974243164062500
0.3276666666666666616336556216992903500795364379882812500
0.3267741935483871040801773233397398144006729125976562500
0.2941935483870967704689292077091522514820098876953125000
0.3350000000000000199840144432528177276253700256347656250
0.3900000000000000133226762955018784850835800170898437500
0.3873333333333333627912509200541535392403602600097656250
0.4270967741935484118798171948583330959081649780273437500
0.4700000000000000288657986402540700510144233703613281250
0.3596428571428571530077533680014312267303466796875000000
0.4177419354838709519839312633848749101161956787109375000
0.4029999999999999693578445203456794843077659606933593750
0.4316129032258064768257099785842001438140869140625000000
0.3656666666666666953844355703040491789579391479492187500
0.3987096774193548132103614989318884909152984619140625000
0.3483870967741935498196426124195568263530731201171875000
0.3353333333333333166059730956476414576172828674316406250
0.4754838709677419172905388222716283053159713745117187500
0.3903333333333333099446349478967022150754928588867187500
0.4351612903225806627816041327605489641427993774414062500
0.4516129032258064945892783725867047905921936035156250000
0.3813793103448276378131254205072764307260513305664062500
0.4777419354838709497634852141345618292689323425292968750
0.4079999999999999737987366188463056460022926330566406250
0.4664516129032258429099044860777212306857109069824218750
0.3733333333333333503567530442524002864956855773925781250
0.3254838709677419505972295610263245180249214172363281250
0.2832258064516129381082976124162087216973304748535156250
