0.1028874193548387216967654467225656844675540924072265625
0.1014565517241379499768783034596708603203296661376953125
0.1006845161290322587799295206423266790807247161865234375
0.1013130000000000002779998453661391977220773696899414062
0.1017154838709677516783713713266479317098855972290039062
0.1013473333333333448180724190024193376302719116210937500
0.1018835483870967895114745260798372328281402587890625000
0.1016187096774193582282563852459134068340063095092773438
0.1014280000000000042659209498197014909237623214721679688
0.1017322580645161483881011577068420592695474624633789062
0.1017213333333333441510504258076252881437540054321289062
0.1009874193548387227847840108552190940827131271362304688
0.1020303225806451774548833100197953172028064727783203125
0.1014921428571428640985629954229807481169700622558593750
0.1009241935483871088763407897204160690307617187500000000
0.1009246666666666764067272765714733395725488662719726562
0.1012377419354838770093607536182389594614505767822265625
0.1018576666666666658001005885125778149813413619995117188
0.1016000000000000097477581562088744249194860458374023438
0.1015493548387096794938244670447602402418851852416992188
0.1017263333333333352737071209048735909163951873779296875
0.1020980645161290445432911155876354314386844635009765625
0.1014233333333333514358898241880524437874555587768554688
0.1020667741935483985304955467654508538544178009033203125
0.1022370967741935560146870898279303219169378280639648438
0.1027500000000000079936057773011270910501480102539062500
0.1013745161290322688296683395492436829954385757446289062
0.1012340000000000045377035462479398120194673538208007812
0.1013351612903225784645400153749505989253520965576171875
0.1015113333333333422991984207328641787171363830566406250
0.1013674193548387142405076133400143589824438095092773438
0.1011848387096774271043386761448346078395843505859375000
0.1016316666666666757024017897492740303277969360351562500
0.1014709677419354943994633799775328952819108963012695312
0.1010483333333333511028229168005054816603660583496093750
0.1010367741935483953952257252240087836980819702148437500
0.1018054838709677584196455768505984451621770858764648438
0.1004521428571428648401919758725853171199560165405273438
0.1016883870967741909652204412850551307201385498046875000
0.1004836666666666794567319698217033874243497848510742188
0.1013025806451613025638280873863550368696451187133789062
0.1014483333333333486825367231176642235368490219116210938
0.1013174193548387197472138154807907994836568832397460938
0.1015429032258064606653036321404215414077043533325195312
0.1016676666666666700722387872701801825314760208129882812
0.1019441935483871158885094132529047783464193344116210938
0.1018786666666666729241796929272823035717010498046875000
0.1030516129032258282327561005331517662853002548217773438
0.1030254838709677572827771996344381477683782577514648438
0.1018231034482758728954010507550265174359083175659179688
0.1021845161290322601121971501925145275890827178955078125
0.1011850000000000110444986489710572641342878341674804688
0.1014087096774193702541921879856090527027845382690429688
0.1012696666666666744927027821177034638822078704833984375
0.1015383870967741936075512398929276969283819198608398438
0.1013616129032258172948388619261095300316810607910156250
0.1018090000000000105995212607012945227324962615966796875
0.1013758064516129125953725065301114227622747421264648438
0.1019953333333333406196530290799273643642663955688476562
0.1017632258064516126427889730621245689690113067626953125
0.1015325806451612966618824884790228679776191711425781250
0.1015103571428571521684247613848128821700811386108398438
0.1015651612903225864403822242820751853287220001220703125
0.1013440000000000035251801477897970471531152725219726562
0.1017445161290322641622907440250855870544910430908203125
0.1014580000000000065130123516610183287411928176879882812
0.1017154838709677516783713713266479317098855972290039062
0.1013616129032258172948388619261095300316810607910156250
0.1016003333333333341625959178600169252604246139526367188
0.1015487096774193576109723835543263703584671020507812500
0.1025113333333333431873768404329894110560417175292968750
0.1021638709677419459831426706841739360243082046508789062
0.1034116129032258274422773070000403095036745071411132812
0.1026539285714285765216402523947181180119514465332031250
0.1019438709677419341304016597860027104616165161132812500
0.1012826666666666736160706818736798595637083053588867188
0.1017064516129032314406543946461169980466365814208984375
0.1015573333333333466699244240771804470568895339965820312
0.1014129032258064694316246345806575845927000045776367188
0.1015206451612903348902250399987678974866867065429687500
0.1012156666666666898768411897435726132243871688842773438
0.1015683870967741958546426417342445347458124160766601562
0.1011863333333333364594253112045407760888338088989257812
0.1012690322580645230221563224404235370457172393798828125
0.1020564516129032345270744031040521804243326187133789062
0.1026839285714285787687316542360349558293819427490234375
0.1011535483870967949693309151371067855507135391235351562
0.1014290000000000052660098504020425025373697280883789062
0.1013645161290322588287793337258335668593645095825195312
0.1014033333333333453118996203556889668107032775878906250
0.1014090322580645103789365180091408547013998031616210938
0.1017877419354838719467437613275251351296901702880859375
0.1014156666666666817278041889949236065149307250976562500
0.1019667741935483956661201432325469795614480972290039062
0.1018573333333333413852628268614353146404027938842773438
0.1020300000000000095745633643673500046133995056152343750
0.1024032258064516143214461862953612580895423889160156250
0.1021200000000000024380497620768437627702951431274414062
0.1016441935483871072953832026541931554675102233886718750
0.1008346666666666835432408788619795814156532287597656250
0.1016745161290322635450067423334985505789518356323242188
0.1014146666666666807277152884125825949013233184814453125
0.1016300000000000119948495580501912627369165420532226562
0.1016816129032258181341674685427278745919466018676757812
0.1019926666666666759120118967985035851597785949707031250
0.1018848387096774332771786930607049725949764251708984375
0.1022689999999999987956300628866301849484443664550781250
0.1016451612903225831807674239826155826449394226074218750
0.1019561290322580776601668617331597488373517990112304688
0.1016264285714285758865926823091285768896341323852539062
0.1015922580645161471535331543236679863184690475463867188
0.1007900000000000045874415377511468250304460525512695312
0.1013109677419355009186929805764521006494760513305664062
0.1015506666666666779619276894663926213979721069335937500
0.1018070967741935561878818816694547422230243682861328125
0.1013696774193548338915960016493045259267091751098632812
0.1015656666666666790854733903870510403066873550415039062
0.1010193548387096906804316631678375415503978729248046875
0.1017180000000000028581581545950029976665973663330078125
0.1025264516129032327240722111127979587763547897338867188
0.1010290322580645189232129155243455898016691207885742188
0.1021357142857143018854770843972801230847835540771484375
0.1019245161290322637670513472585298586636781692504882812
0.1013270000000000142792444535189133603125810623168945312
0.1015561290322580800804530554160010069608688354492187500
0.1012566666666666753693348823617270682007074356079101562
0.1015487096774193576109723835543263703584671020507812500
0.1015958064516129105703257096138258930295705795288085938
0.1018586666666666806779772969093755818903446197509765625
0.1016848387096774275484278859948972240090370178222656250
0.1017683333333333495218653297342825680971145629882812500
0.1011222580645161489565353463149222079664468765258789062
0.1023532258064516198281523884361376985907554626464843750
0.1030035714285714443239072579672210849821567535400390625
0.1016945161290322557912091383514052722603082656860351562
0.1014366666666666749740954855951713398098945617675781250
0.1013806451612903336556570366155938245356082916259765625
0.1019006666666666810483476979243278037756681442260742188
0.1016451612903225831807674239826155826449394226074218750
0.1015687096774193637349625873866898473352193832397460938
0.1015746666666666742084856878136633895337581634521484375
0.1017551612903225821682440255244728177785873413085937500
0.1011766666666666647511618748467299155890941619873046875
0.1014670967741935492245630712204729206860065460205078125
0.1026425806451612965375375097210053354501724243164062500
0.1012148275862069096708850679533497896045446395874023438
0.1006670967741935540651354585861554369330406188964843750
0.1010723333333333473493809151477762497961521148681640625
0.1018419354838709794952578135962539818137884140014648438
0.1013646666666666862344214905533590354025363922119140625
0.1012590322580645130212673166170134209096431732177734375
0.1017722580645161467582937575571122579276561737060546875
0.1020110000000000183284498689317842945456504821777343750
0.1020680645161290422961997137463185936212539672851562500
0.1019353333333333361254702253972936887294054031372070312
0.1023996774193548370268658231907465960830450057983398438
0.1023812903225806564266875398061529267579317092895507812
0.1010075000000000139399602971934655215591192245483398438
0.1015738709677419387977792553101608064025640487670898438
0.1008076666666666704186283709532290231436491012573242188
0.1011093548387096835439180608773312997072935104370117188
0.1013673333333333509420626228347828146070241928100585938
0.1014490322580645226269169256738678086549043655395507812
0.1016596774193548324838332064246060326695442199707031250
0.1016303333333333364096873197013337630778551101684570312
0.1012654838709677596053637671502656303346157073974609375
0.1027466666666666667007135060885048005729913711547851562
0.1027112903225806533891173444317246321588754653930664062
0.1022380645161290457778591189708095043897628784179687500
0.1025207142857142983416451897937804460525512695312500000
0.1014283870967741946200746383510704617947340011596679688
0.1009416666666666656526629708423570264130830764770507812
0.1010106451612903244452468243252951651811599731445312500
0.1017103333333333331500725194018741603940725326538085938
0.1015696774193548396203468087151122745126485824584960938
0.1014319354838709719146550014556851238012313842773437500
0.1022943333333333343349025312818412203341722488403320312
0.1019319354838709723587442113057477399706840515136718750
0.1015016666666666705909349843750533182173967361450195312
0.1019729032258064604921088402988971211016178131103515625
0.1022122580645161427082001637245411984622478485107421875
0.1033264285714285829476111189251241739839315414428710938
0.1011287096774193677850561812192609068006277084350585938
0.1013990000000000030189184485607256647199392318725585938
0.1009748387096774391302744788845302537083625793457031250
0.1015383333333333415460231208271579816937446594238281250
0.1015396774193548373732554068737954366952180862426757812
0.1015480645161290357281203000638925004750490188598632812
0.1020623333333333382366703290244913659989833831787109375
0.1016083870967741942248352415845147334039211273193359375
0.1017093333333333321499836188195331487804651260375976562
0.1022864516129032286251288041967200115323066711425781250
0.1014861290322580794631690537244139704853296279907226562
0.1010248275862069139430232667109521571546792984008789062
0.1016551612903225793038686219915689434856176376342773438
0.1013386666666666741098978832269494887441396713256835938
0.1016016129032258213937822688421874772757291793823242188
0.1016120000000000217488249631969665642827749252319335938
0.1015067741935483935922235332327545620501041412353515625
0.1016025806451612972791664901706099044531583786010742188
0.1018239999999999978452791538074961863458156585693359375
0.1012522580645161401902143438746861647814512252807617188
0.1024353333333333365695594352473563048988580703735351562
0.1017883870967741938295958448179590050131082534790039062
0.1020519354838709674693220108565583359450101852416992188
0.1014721428571428718523605994050740264356136322021484375
0.1020683870967741962987318515843071509152650833129882812
0.1019550000000000039568348597640579100698232650756835938
0.1015983870967741981017340435755613725632429122924804688
0.1015150000000000080069284535966289695352315902709960938
0.1013435483870967906971927163795044180005788803100585938
0.1017916129032258171216440700845851097255945205688476562
0.1014616666666666722207423845247831195592880249023437500
0.1018132258064516210138705787358048837631940841674804688
0.1015966666666666684548658849962521344423294067382812500
0.1024480645161290476297111240455706138163805007934570312
0.1022074193548387216479156336390587966889142990112304688
0.1022392857142857131025337480423331726342439651489257812
0.1017312903225806586249291285639628767967224121093750000
0.1012706666666666893705794905145012307912111282348632812
0.1012138709677419395882580488432722631841897964477539062
0.1016846666666666731959622893555206246674060821533203125
0.1015538709677419465515768592922540847212076187133789062
0.1016925806451612901426528878801036626100540161132812500
0.1018013333333333408914356255081656854599714279174804688
0.1015961290322580784506456552662712056189775466918945312
0.1022540000000000115498721697804285213351249694824218750
0.1020241935483871126288946129534451756626367568969726562
0.1007319354838709796196027923542715143412351608276367188
0.1015192857142857146834913351085560861974954605102539062
0.1010509677419355045735471776424674317240715026855468750
0.1014283333333333425585465192853007465600967407226562500
0.1015683870967741958546426417342445347458124160766601562
0.1015963333333333440400281233451096341013908386230468750
0.1014519354838709780386452052880486007779836654663085938
0.1017100000000000087352347577507316600531339645385742188
0.1021510000000000056852300645005016122013330459594726562
0.1014396774193548345088800033408915624022483825683593750
0.1021213333333333417307642321247840300202369689941406250
0.1013235483870967845732025125471409410238265991210937500
0.1028841935483871122825050292703963350504636764526367188
0.1027568965517241389440172838476428296416997909545898438
0.1012464516129032293667577846463245805352926254272460938
0.1017689999999999983515408530365675687789916992187500000
0.1016054838709677526908947697847906965762376785278320312
0.1013783333333333480652527214260771870613098144531250000
0.1015006451612903287662348361664044205099344253540039062
0.1014558064516129093357577062306518200784921646118164062
0.1014163333333333444352675201116653624922037124633789062
0.1011825806451612935754624800210876855999231338500976562
0.1019466666666666715412858934541873168200254440307617188
0.1016425806451612956493590900208801031112670898437500000
0.1012419354838709761867932002132874913513660430908203125
0.1022857142857142992431462857894075568765401840209960938
0.1010796774193548352993587968740030191838741302490234375
0.1013140000000000012780887459484802093356847763061523438
0.1012054838709677551111809634676319546997547149658203125
0.1016500000000000042410519540680979844182729721069335938
0.1013854838709677547159415667010762263089418411254882812
0.1015151612903225780693006186083948705345392227172851562
0.1016126666666666705785004864992515649646520614624023438
0.1023964516129032276126054057385772466659545898437500000
0.1026636666666666808378494124553981237113475799560546875
0.1022287096774193576598221966378332581371068954467773438
0.1031122580645161407320031798917625565081834793090820312
0.1014778571428571474211111080876435153186321258544921875
0.1008635483870967824993059025473485235124826431274414062
0.1013583333333333419412625175937137100845575332641601562
0.1010458064516129017551548940900829620659351348876953125
0.1015420000000000211315409615053795278072357177734375000
0.1016229032258064712834766396554186940193176269531250000
0.1018100000000000115996101612836355343461036682128906250
0.1019436666666666824188069995216210372745990753173828125
0.1014474193548387248586806208550115115940570831298828125
0.1016800000000000064881433559094148222357034683227539062
0.1024806451612903235304230520341661758720874786376953125
0.1016164516129032246993801891221664845943450927734375000
0.1020750000000000129452004671293252613395452499389648438
0.1018603225806451739732239047953044064342975616455078125
0.1012836666666666746161595824560208711773157119750976562
0.1015487096774193576109723835543263703584671020507812500
0.1014556666666666800979967888451938051730394363403320312
0.1017861290322580741785074565086688380688428878784179688
0.1017367741935484015680657421398791484534740447998046875
0.1013463333333333438179835184200783260166645050048828125
0.1022712903225806574392109382642956916242837905883789062
0.1026473333333333404215892414867994375526905059814453125
0.1018193548387096858398592758021550253033638000488281250
0.1015300000000000091304741545172873884439468383789062500
0.1008257142857142962810712560894899070262908935546875000
0.1013790322580645220096329239822807721793651580810546875
0.1015473333333333505468232260682270862162113189697265625
0.1013293548387096815188712639610457699745893478393554688
0.1014386666666666769742732867598533630371093750000000000
0.1016138709677419371679718551604310050606727600097656250
0.1016154838709677488139959677937440574169158935546875000
0.1020250000000000045741188614556449465453624725341796875
0.1018996774193548365827766133406839799135923385620117188
0.1011620000000000157980295512061275076121091842651367188
0.1021890322580645132921617346255516167730093002319335938
0.1023925806451612963154929047959740273654460906982421875
0.1017332142857143018055410266242688521742820739746093750
0.1009216129032258213449324557586805894970893859863281250
0.1014943333333333391754749186475237365812063217163085938
0.1015100000000000030064839506849239114671945571899414062
0.1015510000000000162545532589319918770343065261840820312
0.1014367741935483929749395315411675255745649337768554688
0.1016625806451613017733492938532435800880193710327148438
0.1014380000000000003890221478286548517644405364990234375
0.1015116129032258285302958711326937191188335418701171875
0.1021463333333333389774111310543958097696304321289062500
0.1010500000000000148103751484995882492512464523315429688
0.1022845161290322629765725537254184018820524215698242188
0.1012903571428571403156837504866416566073894500732421875
0.1013364516129032222302441823558183386921882629394531250
0.1013546666666666762335324847299489192664623260498046875
0.1013729032258064710614320347303873859345912933349609375
0.1013100000000000111555209514335729181766510009765625000
0.1016151612903225809336760221412987448275089263916015625
0.1014906451612903326431336381574510596692562103271484375
0.1018190000000000067226224587102478835731744766235351562
0.1017545161290322602853919420340389478951692581176757812
0.1018916666666666720475475926832586992532014846801757812
0.1020332258064516189888237818195193540304899215698242188
0.1024441935483871163325986231029673945158720016479492188
0.1026396428571428737219761728738376405090093612670898438
0.1018777419354838786880179668514756485819816589355468750
0.1009483333333333482384475132676016073673963546752929688
0.1012787096774193651427253826113883405923843383789062500
0.1013563333333333399410847164290316868573427200317382812
0.1014216129032258217890216656087432056665420532226562500
0.1016025806451612972791664901706099044531583786010742188
0.1018913333333333337549220232176594436168670654296875000
0.1013564516129032283542343861881818156689405441284179688
0.1016240000000000059943161545561451930552721023559570312
0.1015067741935483935922235332327545620501041412353515625
0.1021761290322580756351200648168742191046476364135742188
0.1008151724137931054547934195397829171270132064819335938
0.1014361290322580710920874480507336556911468505859375000
0.1015503333333333396693021200007933657616376876831054688
0.1016922580645161500179085578565718606114387512207031250
0.1015736666666666732083967872313223779201507568359375000
0.1016751612903225854278588258239324204623699188232421875
0.1016229032258064712834766396554186940193176269531250000
0.1018083333333333478920579295845527667552232742309570312
0.1019335483870967840047683239390607923269271850585937500
0.1019073333333333497563444325351156294345855712890625000
0.1019200000000000105870867628254927694797515869140625000
0.1026335483870967901776083408549311570823192596435546875
0.1021585714285714457938425425709283445030450820922851562
0.1014006451612903259018594326335005462169647216796875000
0.1011403333333333320886993078602245077490806579589843750
0.1015903225806451815049769038523663766682147979736328125
0.1012913333333333443242452176491497084498405456542968750
0.1015532258064516246687247758018202148377895355224609375
0.1014877419354838772314053585432702675461769104003906250
0.1014560000000000183906223583107930608093738555908203125
0.1015480645161290357281203000638925004750490188598632812
0.1011780000000000040438763448946701828390359878540039062
0.1027112903225806533891173444317246321588754653930664062
0.1021912903225806468210379307492985390126705169677734375
0.1011553571428571440815602500151726417243480682373046875
0.1013732258064516250639641725683759432286024093627929688
0.1016140000000000098712149565471918322145938873291015625
0.1011096774193548375464501987153198570013046264648437500
0.1016710000000000113651310584828024730086326599121093750
0.1015580645161290457290093058873026166111230850219726562
0.1017635483870967944008967265290266368538141250610351562
0.1020053333333333367427542270888807252049446105957031250
0.1016745161290322635450067423334985505789518356323242188
0.1018066666666666703067178900710132438689470291137695312
0.1014903225806451786406015003194625023752450942993164062
0.1026229032258064721716550593555439263582229614257812500
0.1016850000000000114885878588211198803037405014038085938
0.1020787096774193603021529952457058243453502655029296875
0.1008090000000000097113428410011692903935909271240234375
0.1012932258064516144457911650533787906169891357421875000
0.1014700000000000046362913508346537128090858459472656250
0.1015529032258064706661926379638316575437784194946289062
0.1017545161290322602853919420340389478951692581176757812
0.1015943333333333281620625143659708555787801742553710938
0.1012087096774193645254413809198013041168451309204101562
0.1020710000000000089448448647999612148851156234741210938
0.1014974193548387193519744187142350710928440093994140625
0.1024441935483871163325986231029673945158720016479492188
0.1018134482758620701359220106496650259941816329956054688
0.1014664516129032273417109877300390508025884628295898438
0.1010860000000000091802121460204944014549255371093750000
0.1016564516129032230695727889724366832524538040161132812
0.1015293333333333325452230155860888771712779998779296875
0.1014845161290322678171449410911009181290864944458007812
0.1015264516129032318358937914126727264374494552612304688
0.1015460000000000112541087560202868189662694931030273438
0.1023412903225806580564949399558827280998229980468750000
0.1021776666666666666394291951291961595416069030761718750
0.1019790322580645114403097295507905073463916778564453125
0.1022490322580645177863445383081852924078702926635742188
0.1017960714285714440840990846481872722506523132324218750
0.1006248387096774360438544704265950713306665420532226562
0.1016560000000000102415853575621440540999174118041992188
0.1018158064516129085452789126975403632968664169311523438
0.1012716666666666626150927754679287318140268325805664062
0.1014645161290322616931547372587374411523342132568359375
0.1015422580645161387824515486499876715242862701416015625
0.1015429999999999943760542464588070288300514221191406250
0.1017167741935483954440755383075156714767217636108398438
0.1014553333333333418053712193795945495367050170898437500
0.1012683870967742011393042389499896671622991561889648438
0.1016206451612903238768126357172150164842605590820312500
0.1013957142857142973424444676311395596712827682495117188
0.1019909677419355009675427936599589884281158447265625000
0.1011776666666666657512507754290709272027015686035156250
0.1009822580645161477219673429317481350153684616088867188
0.1011736666666666756286829809141636360436677932739257812
0.1012409677419355003014089788848650641739368438720703125
0.1015493548387096794938244670447602402418851852416992188
0.1018863333333333426322653281204111408442258834838867188
0.1018483870967741983237786485005926806479692459106445312
0.1009396666666666775302729774921317584812641143798828125
0.1014261290322580749689862500417802948504686355590820312
0.1027935483870967836583787402560119517147541046142578125
0.1022185714285714364102375384391052648425102233886718750
0.1013174193548387197472138154807907994836568832397460938
0.1014756666666666862219869926775572821497917175292968750
0.1012551612903225817241548156744102016091346740722656250
0.1016420000000000101181285572238266468048095703125000000
0.1019409677419355064742489958007354289293289184570312500
0.1016083870967741942248352415845147334039211273193359375
0.1017353333333333303967194183314859401434659957885742188
0.1017577419354838696996523594862082973122596740722656250
0.1014600000000000085131901528257003519684076309204101562
0.1017729032258064686411458410475461278110742568969726562
0.1018087096774193678339059943027677945792675018310546875
0.1013737931034482814274255702002847101539373397827148438
0.1013438709677419446997248542174929752945899963378906250
0.1017313333333333402741516238165786489844322204589843750
0.1014074193548387264884880210047413129359483718872070312
0.1012979999999999991544541444454807788133621215820312500
0.1014087096774193702541921879856090527027845382690429688
0.1013009677419355047955917825674987398087978363037109375
0.1018583333333333423853517274437763262540102005004882812
0.1018477419354838764409265650101588107645511627197265625
0.1016620000000000162421187610561901237815618515014648438
0.1023161290322580768696880682000482920557260513305664062
0.1019470967741935435446620772381720598787069320678710938
0.1024632142857142963476846375669992994517087936401367188
0.1018274193548387163144042233398067764937877655029296875
0.1011140000000000094271257466971292160451412200927734375
0.1013641935483871048262471958878450095653533935546875000
0.1017916666666666691831721891503548249602317810058593750
0.1013796774193548438924850074727146420627832412719726562
0.1015606451612903332604176398490380961447954177856445312
0.1015656666666666790854733903870510403066873550415039062
0.1017848387096774304128032895278010983020067214965820312
0.1018660000000000120934373626369051635265350341796875000
0.1018622580645161396217801552666060160845518112182617188
0.1021645161290322678659947541746078059077262878417968750
0.1018021428571428688147904040306457318365573883056640625
0.1009680645161290385436458905132894869893789291381835938
0.1019003333333333427557221284587285481393337249755859375
0.1016077419354838723419831580940808635205030441284179688
0.1013730000000000047721826490487728733569383621215820312
0.1012290322580645107741759147756965830922126770019531250
0.1017019354838709782606898102130799088627099990844726562
0.1017836666666666750602487923060834873467683792114257812
0.1014890322580645209971095255241380073130130767822265625
0.1015910000000000146247458587822620756924152374267578125
0.1014441935483871154444202034028421621769666671752929688
0.1005590322580645207262151075155998114496469497680664062
0.1011446428571428773901530462353548500686883926391601562
0.1013187096774193635129179824616585392504930496215820312
0.1014430000000000053894666507403599098324775695800781250
0.1013764516129032344782245900205452926456928253173828125
0.1013820000000000137729827542898419778794050216674804688
0.1014706451612903265191434343250875826925039291381835938
0.1015158064516128999521527020988287404179573059082031250
0.1016523333333333445338553246983792632818222045898437500
0.1016525806451612917724602880298334639519453048706054688
0.1014846666666666813449992901041696313768625259399414062
0.1012906451612903269143828310916433110833168029785156250
0.1024351612903225822170938386079797055572271347045898438
0.1011820689655172494925139403676439542323350906372070312
0.1005709677419354963756603638103115372359752655029296875
0.1011456666666666892595571880519855767488479614257812500
0.1014109677419355037830683841093559749424457550048828125
0.1013270000000000142792444535189133603125810623168945312
0.1014893548387096888774294711765833199024200439453125000
0.1013790322580645220096329239822807721793651580810546875
0.1015226666666666777150140887897578068077564239501953125
0.1018706451612903240988572406422463245689868927001953125
0.1015323333333333494232775251475686673074960708618164062
0.1007683870967742006952150290999270509928464889526367188
0.1010622580645161444623525426322885323315858840942382812
0.1020942857142857207453090495619107969105243682861328125
0.1010064516129032252678143777302466332912445068359375000
0.1013073333333333464478798191521491389721632003784179688
0.1015029032258064622951110322901513427495956420898437500
0.1017236666666666705660659886234498117119073867797851562
0.1016054838709677526908947697847906965762376785278320312
0.1013377419354838659959483493366860784590244293212890625
0.1019886666666666719116562944691395387053489685058593750
0.1013467741935484001114531338316737674176692962646484375
0.1020733333333333492376482354302424937486648559570312500
0.1020612903225806555873589331895345821976661682128906250
0.1021545161290322578651057483511976897716522216796875000
0.1025367857142857191954377071851922664791345596313476562
0.1017067741935483993209743402985623106360435485839843750
0.1009229999999999988213872370579338166862726211547851562
0.1015577419354838778486893602348573040217161178588867188
0.1015163333333333472996429236445692367851734161376953125
0.1014909677419355005234535838098963722586631774902343750
0.1016048387096774308080426862943568266928195953369140625
0.1014710000000000056363802514169947244226932525634765625
0.1016841935483871056655758025044633541256189346313476562
0.1021483333333333409775889322190778329968452453613281250
0.1015874193548387260932486242381855845451354980468750000
0.1014222580645161436718737490991770755499601364135742188
0.1012435714285714327687060176685918122529983520507812500
0.1011425806451612952052698801708174869418144226074218750
0.1012996666666666767397941839590203016996383666992187500
0.1017703225806451811097375070858106482774019241333007812
0.1017706666666666898146687003645638469606637954711914062
0.1015135483870967941788521216039953287690877914428710938
0.1017209677419354946215079849025642033666372299194335938
0.1017143333333333371504281217312382068485021591186523438
0.1018912903225806521056995279650436714291572570800781250
0.1010703333333333314714153061686374712735414505004882812
0.1014606451612903303960422363161342218518257141113281250
0.1018329032258064731353286447301798034459352493286132812
0.1026968965517241344498344801650091540068387985229492188
0.1016396774193548402376308104066993109881877899169921875
0.1011650000000000049205084451386937871575355529785156250
0.1018661290322580709188926562092092353850603103637695312
0.1014333333333333475589910221970058046281337738037109375
0.1015890322580645099836971212425851263105869293212890625
0.1016367741935483987036903386069752741605043411254882812
0.1016956666666666841969401957612717524170875549316406250
0.1017916129032258171216440700845851097255945205688476562
0.1025676666666666680960418034374015405774116516113281250
0.1018177419354838741938351631688419729471206665039062500
0.1017909677419354952387919865941512398421764373779296875
0.1023278571428571509516203263956413138657808303833007812
0.1020358064516129065202321157812548335641622543334960938
0.1013679999999999997717381461370678152889013290405273438
0.1012170967741935490025184662954416126012802124023437500
0.1014736666666666703440213836984185036271810531616210938
0.1015248387096774340676574865938164293766021728515625000
0.1012409677419355003014089788848650641739368438720703125
0.1019443333333333312484825228239060379564762115478515625
0.1021696774193548429288114220980787649750709533691406250
0.1019146666666666811718044982626452110707759857177734375
0.1019896774193548433240508188646344933658838272094726562
0.1012129032258064637028738275148498360067605972290039062
0.1019028571428571422474718133344140369445085525512695312
0.1010164516129032213909155757391999941319227218627929688
0.1008190000000000058344440390101226512342691421508789062
0.1018825806451612997483024969369580503553152084350585938
0.1013396666666666751099867838092905003577470779418945312
0.1013970967741935486072790695288858842104673385620117188
0.1014251612903225852058142208989011123776435852050781250
0.1013330000000000064019900491985026746988296508789062500
0.1014458064516128993348687004072417039424180984497070312
0.1020136666666666830360910012132080737501382827758789062
0.1015658064516129083232343077725090552121400833129882812
0.1021341935483871116163712144953024107962846755981445312
0.1009346428571428755383010411605937406420707702636718750
0.1016367741935483987036903386069752741605043411254882812
0.1008456666666666806664309774532739538699388504028320312
0.1013235483870967845732025125471409410238265991210937500
0.1015386666666666798386486902927572373300790786743164062
0.1016151612903225809336760221412987448275089263916015625
0.1014877419354838772314053585432702675461769104003906250
0.1018183333333333440151591275935061275959014892578125000
0.1012680645161290471367721011120011098682880401611328125
0.1011056666666666770115767803872586227953433990478515625
0.1014003225806451718993272947955119889229536056518554688
0.1020335483870967868691437274719646666198968887329101562
0.1012200000000000044142467459096224047243595123291015625
0.1014077419354838666132323510282731149345636367797851562
0.1010950000000000043032244434471067506819963455200195312
0.1014819354838709802857366071293654385954141616821289062
0.1014143333333333285573019111325265839695930480957031250
0.1013196774193548393983022037900809664279222488403320312
0.1013038709677419463295322543672227766364812850952148438
0.1014120000000000160200741561311588156968355178833007812
0.1017483870967741954594032449676888063549995422363281250
0.1021520000000000205631067728972993791103363037109375000
0.1024312903225806509199813376653764862567186355590820312
0.1030174193548387268082322520967863965779542922973632812
0.1012728571428571505697036059245874639600515365600585938
0.1015609677419355011407375855014834087342023849487304688
0.1009766666666666729001988755953789222985506057739257812
0.1011635483870967910924321131460601463913917541503906250
0.1013850000000000028954616482224082574248313903808593750
0.1013264516129032261071429843468649778515100479125976562
0.1014209677419354999061695821183093357831239700317382812
0.1015576666666666710847621857283229473978281021118164062
0.1015706451612903293835188378579914569854736328125000000
0.1012703333333333372001661132344452198594808578491210938
0.1014641935483871076906225994207488838583230972290039062
0.1017845161290322625324833438753557857125997543334960938
0.1017082142857143045588941276946570724248886108398437500
0.1015632258064516207918259738107735756784677505493164062
0.1012493333333333300760870088197407312691211700439453125
0.1009683870967741925461780283512780442833900451660156250
0.1011840000000000100444097483887162525206804275512695312
0.1013403225806451812829322989273350685834884643554687500
0.1017609677419355068694883925672911573201417922973632812
0.1019310000000000077102768614167871419340372085571289062
0.1012129032258064637028738275148498360067605972290039062
0.1011903333333333404597809135339048225432634353637695312
0.1020822580645161375967333583503204863518476486206054688
0.1014061290322580827227838540238735731691122055053710938
0.1020778571428571507295757214706100057810544967651367188
0.1011467741935483943827023267658660188317298889160156250
0.1012696666666666744927027821177034638822078704833984375
0.1013754838709677585928403686921228654682636260986328125
0.1012843333333333373236229135727626271545886993408203125
0.1012306451612903362979878352234663907438516616821289062
0.1014674193548387171048830168729182332754135131835937500
0.1012003333333333365828821115428581833839416503906250000
0.1019064516129032232916173938974679913371801376342773438
0.1016513333333333435337664241160382516682147979736328125
0.1014967741935483974691223352238012012094259262084960938
0.1018996774193548365827766133406839799135923385620117188
0.1023155172413793140284710148080193903297185897827148438
0.1011609677419355035610237791843246668577194213867187500
0.1009083333333333498682549134173314087092876434326171875
0.1009729032258064596039304205987718887627124786376953125
0.1014943333333333391754749186475237365812063217163085938
0.1016496774193548363607320084156526718288660049438476562
0.1014983870967741952373586400426574982702732086181640625
0.1016933333333333439041368251309904735535383224487304688
0.1015287096774193653647699875364196486771106719970703125
0.1010783333333333533499143186418223194777965545654296875
0.1018125806451612991310184952453710138797760009765625000
0.1024022580645161384360619649669388309121131896972656250
0.1021196428571428671538967591914115473628044128417968750
0.1023087096774193682779952041528304107487201690673828125
0.1011416666666666713814137779081647749990224838256835938
0.1013332258064516128159837649036489892750978469848632812
0.1014266666666666649732064797717612236738204956054687500
0.1016100000000000058708593542178277857601642608642578125
0.1015816129032258291475798728242807555943727493286132812
0.1018523333333333502626061317641870118677616119384765625
0.1012535483870967839559185108555539045482873916625976562
0.1014013333333333433117218191910069435834884643554687500
0.1017232258064516142725963732118543703109025955200195312
0.1016793548387096846052912724189809523522853851318359375
0.1019346428571428764264794608607189729809761047363281250
0.1011729032258064653326812276645796373486518859863281250
0.1005206666666666887044456757394073065370321273803710938
0.1012112903225806520568497148815367836505174636840820312
0.1013313333333333426944378174994199071079492568969726562
0.1010648387096774319937608765940240118652582168579101562
0.1015609677419355011407375855014834087342023849487304688
0.1014940000000000008828493491819244809448719024658203125
0.1013832258064516211870653705773293040692806243896484375
0.1015843333333333320389613163570174947381019592285156250
0.1015816129032258291475798728242807555943727493286132812
0.1014006451612903259018594326335005462169647216796875000
0.1011996428571428768838913470062834676355123519897460938
0.1014448387096774373272722868932760320603847503662109375
0.1011243333333333299650647063572250772267580032348632812
0.1010590322580645211703043173656624276190996170043945312
0.1015683333333333437931145226684748195111751556396484375
0.1012145161290322614711101323337061330676078796386718750
0.1011377419354838741449853500853350851684808731079101562
0.1016486666666666788261252918346144724637269973754882812
0.1019609677419354987204513918186421506106853485107421875
0.1017586666666666778136018933764717075973749160766601562
0.1024219354838709766797322231468569952994585037231445312
0.1028980645161290397027187282219529151916503906250000000
0.1024003448275862260263835423756972886621952056884765625
0.1014451612903225774520166169168078340590000152587890625
0.1008573333333333404970844071613100823014974594116210938
0.1009964516129032291447131797212932724505662918090820312
0.1013413333333333388175390155083732679486274719238281250
0.1010696774193548391762575988650496583431959152221679688
0.1017148387096774297955192878362140618264675140380859375
0.1013616666666666693563669809918792452663183212280273438
0.1009887096774193665504881778360868338495492935180664062
0.1019866666666666699114784933044575154781341552734375000
0.1024738709677419368215822714773821644484996795654296875
0.1022035483870967903508031326964555773884057998657226562
0.1015317857142857133068147845733619760721921920776367188
0.1017409677419355007454981887349276803433895111083984375
0.1015290000000000081303852539349463768303394317626953125
0.1011680645161290442723966975790972355753183364868164062
0.1008650000000000102051700423544389195740222930908203125
0.1016622580645161477708171560152550227940082550048828125
0.1015741935483871066780992009626061189919710159301757812
0.1015700000000000075006667543675575871020555496215820312
0.1013732258064516250639641725683759432286024093627929688
0.1011093333333333288415190054365666583180427551269531250
0.1017777419354838758236425633185717742890119552612304688
0.1023522580645161439427681671077152714133262634277343750
0.1024425000000000057776006201493146363645792007446289062
0.1007174193548387164387492020978243090212345123291015625
0.1008533333333333503745166126464027911424636840820312500
0.1014916129032258224063056673003302421420812606811523438
0.1012733333333333540782206227959250099956989288330078125
0.1012196774193548365339268002571770921349525451660156250
0.1011200000000000015498713423767185304313898086547851562
0.1018229999999999968451902532251551747322082519531250000
0.1017809677419354991156907885851978790014982223510742188
0.1018206666666666843079624982237874064594507217407226562
0.1011903225806451839252630975352076347917318344116210938
0.1020261290322580782774508634247467853128910064697265625
0.1009885714285714414240047176463122013956308364868164062
0.1021022580645161437207235621826839633285999298095703125
0.1010200000000000125632837466582714114338159561157226562
0.1013029032258064704441480330388003494590520858764648438
0.1016220000000000178719261612059199251234531402587890625
0.1016474193548387167096436201063625048846006393432617188
0.1014483870967742007440648421834339387714862823486328125
0.1015953333333333430399392227627686224877834320068359375
0.1013532258064516189399739687360124662518501281738281250
0.1013366666666666721097200820622674655169248580932617188
0.1008900000000000074518169412840506993234157562255859375
0.1009977419354838729104173467021610122174024581909179688
0.1008913793103448225396689963417884428054094314575195312
0.1012970967741935457429036659959820099174976348876953125
0.1008786666666666720360012732271570712327957153320312500
0.1010364516129032275149057795715634711086750030517578125
0.1013556666666666772336213853122899308800697326660156250
0.1014000000000000040190073491430666763335466384887695312
0.1018270967741935484340842776873614639043807983398437500
0.1016726666666666750726832901818852405995130538940429688
0.1016841935483871056655758025044633541256189346313476562
0.1017196666666666804434981941085425205528736114501953125
0.1025241935483871130729838228035077918320894241333007812
0.1018577419354838725640277630191121716052293777465820312
0.1008646428571428749210170394690067041665315628051757812
0.1005961290322580775624672355661459732800722122192382812
0.1010560000000000069331207441791775636374950408935546875
0.1015829032258064729132840398051484953612089157104492188
0.1015126666666666677141250829663476906716823577880859375
0.1014251612903225852058142208989011123776435852050781250
0.1014796774193548328790726031911617610603570938110351562
0.1014179999999999942650319439962913747876882553100585938
0.1016074193548387183394510202560923062264919281005859375
0.1016743333333333387802355218809680081903934478759765625
0.1014009677419354937821793782859458588063716888427734375
0.1016145161290322590508239386508648749440908432006835938
0.1024435714285714393856352444345247931778430938720703125
0.1024238709677419423282884736181586049497127532958984375
0.1017430000000000001048050535246147774159908294677734375
0.1013551612903225845885302192073140759021043777465820312
0.1016490000000000032409630534857569728046655654907226562
0.1015929032258064690363852378141018562018871307373046875
0.1012012903225806559337485168725834228098392486572265625
0.1017236666666666705660659886234498117119073867797851562
0.1016506451612903261239040375585318543016910552978515625
0.1018906666666666849252464999153744429349899291992187500
0.1015712903225806512663709213484253268688917160034179688
0.1012529032258064620730664273651200346648693084716796875
0.1022550000000000125499610703627695329487323760986328125
0.1012709677419355025485003807261819019913673400878906250
0.1012856666666666766163373836207028944045305252075195312
0.1010832258064516125939391599786176811903715133666992188
0.1013830000000000008952838470577262341976165771484375000
0.1015545161290322684344289427826879546046257019042968750
0.1015032258064516162976431701281399000436067581176757812
0.1015130000000000060067506524319469463080167770385742188
0.1012019354838709778166006003630172926932573318481445312
0.1017763333333333436447887265785539057105779647827148438
0.1017654838709677600494529770003282465040683746337890625
0.1019403225806451845913969123103015590459108352661132812
0.1017258620689655279623053729665116406977176666259765625
0.1015170967741935437178568690796964801847934722900390625
0.1012516666666666703688903794500220101326704025268554688
0.1012277419354838670084717477948288433253765106201171875
0.1013670000000000126494370533691835589706897735595703125
0.1014232258064516195572579704275995027273893356323242188
0.1018074193548387240682018273219000548124313354492187500
0.1015290000000000081303852539349463768303394317626953125
0.1013248387096774283389066795280086807906627655029296875
0.1015123333333333432992873213152051903307437896728515625
0.1019454838709677596542135802337725181132555007934570312
0.1011474193548387162655544102562998887151479721069335938
0.1007828571428571462487155940834782086312770843505859375
0.1012793548387096870255774661018222104758024215698242188
0.1011630000000000029203306439740117639303207397460937500
0.1011841935483871052214865926544007379561662673950195312
0.1015393333333333286683242135950422380119562149047851562
0.1014551612903225874529056227402179501950740814208984375
0.1013812903225806555385091201060276944190263748168945312
0.1021296666666666741463131984346546232700347900390625000
0.1017232258064516142725963732118543703109025955200195312
0.1019823333333333414962851293239509686827659606933593750
0.1023048387096774369808827032102271914482116699218750000
0.1017400000000000109823261595920484978705644607543945312
0.1015360714285714338611654738997458480298519134521484375
0.1016283870967742003488254454168782103806734085083007812
0.1015400000000000052535753525262407492846250534057617188
0.1014309677419354960292707801272626966238021850585937500
0.1016420000000000101181285572238266468048095703125000000
0.1015587096774193676118613893777364864945411682128906250
0.1016416129032258197639748686924576759338378906250000000
0.1015840000000000076241235547058749943971633911132812500
0.1016609677419355040051129890343872830271720886230468750
0.1021053333333333396071296306217845994979143142700195312
0.1021148387096774273752330941533728037029504776000976562
0.1016690322580645206018701287575822789222002029418945312
0.1024814285714285705397585957143746782094240188598632812
0.1018183870967741960766872466592758428305387496948242188
0.1019616666666666726648315943748457357287406921386718750
0.1017861290322580741785074565086688380688428878784179688
0.1018186666666666823077846970591053832322359085083007812
0.1014612903225806522788943198065680917352437973022460938
0.1015529032258064706661926379638316575437784194946289062
0.1016630000000000033644198538240743800997734069824218750
0.1018148387096774326598946913691179361194372177124023438
0.1015850000000000086242124552882160060107707977294921875
0.1023077419354838785148231750099512282758951187133789062
0.1024548387096774343385519046023546252399682998657226562
0.1012662068965517331298187286847678478807210922241210938
0.1015029032258064622951110322901513427495956420898437500
0.1017273333333333501515838293016713578253984451293945312
0.1017390322580645212191541304491693153977394104003906250
0.1012646666666666833700460870204551611095666885375976562
0.1013241935483871064560545960375748109072446823120117188
0.1015303225806451770107941001697327010333538055419921875
0.1018653333333333355081862237057066522538661956787109375
0.1011277419354838780218841520763817243278026580810546875
0.1013253333333333366939044140053738374263048171997070312
0.1019096774193548327058778113496373407542705535888671875
0.1013454838709677563457489668508060276508331298828125000
0.1025314285714285789108402013880549930036067962646484375
0.1023667741935483932458339495497057214379310607910156250
0.1016860000000000124886767594034608919173479080200195312
0.1013238709677419385757346503851294983178377151489257812
0.1017553333333333365207096221638494171202182769775390625
0.1015487096774193576109723835543263703584671020507812500
0.1011148387096774264870546744532475713640451431274414062
0.1018576666666666658001005885125778149813413619995117188
0.1019667741935483956661201432325469795614480972290039062
0.1017529999999999962279062515335681382566690444946289062
0.1013609677419354954119867784356756601482629776000976562
0.1024767741935483922333105510915629565715789794921875000
0.1013371428571428756182370989336050115525722503662109375
0.1014916129032258224063056673003302421420812606811523438
0.1015583333333333476700133246595214586704969406127929688
0.1009383870967741902990866265099612064659595489501953125
0.1015586666666666720848510863106639590114355087280273438
0.1016248387096774369320328901267203036695718765258789062
0.1013325806451612909331316814132151193916797637939453125
0.1017770000000000202300398655097524169832468032836914062
0.1017041935483871117895660063368268311023712158203125000
0.1015163333333333472996429236445692367851734161376953125
0.1017383870967741993363020469587354455143213272094726562
0.1020206451612903353343142498488305136561393737792968750
0.1008260714285714454430120667893788777291774749755859375
0.1009138709677419448729196460590173956006765365600585938
0.1020729999999999970672348581501864828169345855712890625
0.1015474193548387138452682165734586305916309356689453125
0.1015646666666666780853844898047100286930799484252929688
0.1015400000000000052535753525262407492846250534057617188
0.1016096774193548379905394085653824731707572937011718750
0.1017900000000000054756199574512720573693513870239257812
0.1021580645161290490374739192702691070735454559326171875
0.1014026666666666687266484814244904555380344390869140625
0.1014216129032258217890216656087432056665420532226562500
0.1007580645161290366917938854385283775627613067626953125
0.1021503448275862258043389374506659805774688720703125000
0.1027106451612903315062652609412907622754573822021484375
0.1013133333333333524484132226461952086538076400756835938
0.1012267741935484050008753342808631714433431625366210938
0.1014140000000000041424641494813840836286544799804687500
0.1015035483870967841779631157805852126330137252807617188
0.1014164516129032328484171898708154913038015365600585938
0.1017966666666666741836166920620598830282688140869140625
0.1018841935483871113943266095702711027115583419799804688
0.1026360000000000188835613812443625647574663162231445312
0.1025783870967741928659222594433231279253959655761718750
0.1025087096774193601289582034041814040392637252807617188
0.1028132142857142994341046460249344818294048309326171875
0.1018641935483871052703364057379076257348060607910156250
0.1017773333333333446448776271608949173241853713989257812
0.1011541935483871168521829986275406554341316223144531250
0.1016756666666666780729499919289082754403352737426757812
0.1016638709677419455390534608341113198548555374145507812
0.1018229032258064631344396389067696873098611831665039062
0.1018916666666666720475475926832586992532014846801757812
0.1021641935483871138634626163366192486137151718139648438
0.1010876666666666728877643777195771690458059310913085938
0.1016845161290322596681079403424519114196300506591796875
0.1021638709677419459831426706841739360243082046508789062
0.1014725000000000071365136022905062418431043624877929688
0.1019603225806451768375993083282082807272672653198242188
0.1009620000000000100692787441403197590261697769165039062
0.1015093548387096811236318671944900415837764739990234375
0.1016623333333333406569565227073326241225004196166992188
0.1014638709677419398103026537683035712689161300659179688
0.1013403225806451812829322989273350685834884643554687500
0.1015043333333333352985761166564770974218845367431640625
0.1020380645161290400491083119050017558038234710693359375
0.1011716666666666736285051797494816128164529800415039062
0.1009712903225806479579063079654588364064693450927734375
0.1013774193548387242413966191634244751185178756713867188
0.1010771428571428653953034881851635873317718505859375000
0.1009767741935484047788307293558318633586168289184570312
0.1016856666666666880738389977523183915764093399047851562
0.1011574193548387262664434160797100048512220382690429688
0.1015543333333333297918699145157006569206714630126953125
0.1017103225806451766155547034031769726425409317016601562
0.1014335483870967835606791140889981761574745178222656250
0.1017700000000000132294175614333653356879949569702148438
0.1019996774193548394471520168735878542065620422363281250
0.1011850000000000110444986489710572641342878341674804688
0.1021812903225806506979367327403451781719923019409179688
0.1013654838709677485919513628687127493321895599365234375
0.1017693103448275987465976299972680862993001937866210938
0.1013464516129032322311331881792284548282623291015625000
0.1017183333333333411507837240606022533029317855834960938
0.1016545161290322574210165385011350736021995544433593750
0.1018086666666666723068956912356952670961618423461914062
0.1016587096774193704762367929106403607875108718872070312
0.1013858064516129087184737045390647836029529571533203125
0.1013943333333333363110995151146198622882366180419921875
0.1015806451612903255066200358669448178261518478393554688
0.1012453333333333399535192143048334401100873947143554688
0.1014670967741935492245630712204729206860065460205078125
0.1019677419354838715515043645609694067388772964477539062
0.1018442857142857205232644446368794888257980346679687500
0.1027477419354838744647295811773801688104867935180664062
0.1014026666666666687266484814244904555380344390869140625
0.1014641935483871076906225994207488838583230972290039062
0.1011053333333333387189512109216593671590089797973632812
0.1015103225806451847645917041518259793519973754882812500
0.1018938709677419396371078619267791509628295898437500000
0.1017716666666666630591819853179913479834794998168945312
0.1018796774193548443365742173227772582322359085083007812
0.1027220000000000216244799844389490317553281784057617188
0.1024532258064516226925277919690415728837251663208007812
0.1018080645161290459510539108123339246958494186401367188
0.1014910714285714443683161789522273465991020202636718750
0.1011841935483871052214865926544007379561662673950195312
0.1017783333333333456449665277432359289377927780151367188
0.1014025806451612915504156831048021558672189712524414062
0.1014970000000000177609038587434042710810899734497070312
0.1013751612903225907125204230396775528788566589355468750
0.1013461290322580782286010503412398975342512130737304688
0.1017466666666666658125350863883795682340860366821289062
0.1019767741935483917892213412415003404021263122558593750
0.1018910000000000093400842615665169432759284973144531250
0.1016990322580645228489615305988991167396306991577148438
0.1014364516129032250946195858887222129851579666137695312
0.1007282142857142959169181040124385617673397064208984375
0.1015277419354838756015979583935404662042856216430664062
0.1019933333333333524972630357297020964324474334716796875
0.1016541935483871172962722084776032716035842895507812500
0.1015573333333333466699244240771804470568895339965820312
0.1014064516129032228475281840474053751677274703979492188
0.1016180645161290363454043017554795369505882263183593750
0.1018090000000000105995212607012945227324962615966796875
0.1016483870967741925950278414347849320620298385620117188
0.1021506666666666812703923028493591118603944778442382812
0.1014019354838709696675635996143682859838008880615234375
0.1016500000000000042410519540680979844182729721069335938
0.1018858620689655353208635801820491906255483627319335938
0.1016477419354838707121757579443510621786117553710937500
0.1010640000000000010560441410234489012509584426879882812
0.1019041935483871036405290055881778243929147720336914062
0.1016503333333333425336775235336972400546073913574218750
0.1014632258064516179274505702778697013854980468750000000
0.1012419354838709761867932002132874913513660430908203125
0.1017333333333333422743294249812606722116470336914062500
0.1021151612903225813777652319913613609969615936279296875
0.1018320000000000197237781662806810345500707626342773438
0.1021574193548387271546218357798352371901273727416992188
0.1023841935483871118384158194203337188810110092163085938
0.1014221428571428773590668015458504669368267059326171875
0.1017470967741935516936990779868210665881633758544921875
0.1017303333333333392740627232342376373708248138427734375
0.1015674193548387199692584204058221075683832168579101562
0.1015966666666666684548658849962521344423294067382812500
0.1014709677419354943994633799775328952819108963012695312
0.1016206451612903238768126357172150164842605590820312500
0.1016350000000000031175062531474395655095577239990234375
0.1020880645161290484201899175786820705980062484741210938
0.1021036666666666758995773989227018319070339202880859375
0.1017193548387096829754838722692511510103940963745117188
0.1017793548387096874696666759518848266452550888061523438
0.1013746428571428714882074473280226811766624450683593750
0.1012080645161290426425892974293674342334270477294921875
0.1015206666666666895926240954395325388759374618530273438
0.1015883870967741881008450377521512564271688461303710938
0.1013713333333333410646304173496901057660579681396484375
0.1015867741935484042103965407477517146617174148559570312
0.1015393548387096833707232690358068794012069702148437500
0.1018786666666666729241796929272823035717010498046875000
0.1021787096774193631665283987786096986383199691772460938
0.1021473333333333399775000316367368213832378387451171875
0.1010629032258064663452046261227224022150039672851562500
0.1015980645161290440992019057375728152692317962646484375
0.1033914285714285785644506177050061523914337158203125000
0.1017564516129032259339481925053405575454235076904296875
0.1011110000000000064268590449501061812043190002441406250
0.1014919354838709764088378051383187994360923767089843750
0.1017443333333333393975195235725550446659326553344726562
0.1016161290322580706968480512841779273003339767456054688
0.1017254838709677478014725693356012925505638122558593750
0.1020676666666666676519525935873389244079589843750000000
0.1019425806451612903646974928051349706947803497314453125
0.1016429999999999972404296499917109031230211257934570312
0.1011596774193548320397439965745434165000915527343750000
0.1018751612903225911566096328897401690483093261718750000
0.1014634482758620670495020021917298436164855957031250000
0.1013470967741935541139852716696623247116804122924804688
0.1016676666666666700722387872701801825314760208129882812
0.1017406451612903328651782430824823677539825439453125000
0.1017366666666666696894338883794262073934078216552734375
0.1015225806451613005387812904700695071369409561157226562
0.1013748387096774367099882852016889955848455429077148438
0.1016053333333333391630404207717219833284616470336914062
0.1009883870967741986701682321836415212601423263549804688
0.1015893333333333370394058192687225528061389923095703125
0.1013096774193548432752010057811276055872440338134765625
0.1020416129032258173436886750096164178103208541870117188
0.1026567857142857143060155067360028624534606933593750000
0.1025219354838709795441076266797608695924282073974609375
0.1012113333333333337060722101341525558382272720336914062
0.1014593548387096866303380693352664820849895477294921875
0.1017483333333333433978751259019190911203622817993164062
0.1016751612903225854278588258239324204623699188232421875
0.1019261290322580754130754598918429110199213027954101562
0.1018703333333333405086307266174117103219032287597656250
0.1017841935483871085299512060373672284185886383056640625
0.1015206666666666895926240954395325388759374618530273438
0.1019035483870967817576769220977439545094966888427734375
0.1021735483870967881037117308551387395709753036499023438
0.1020085714285714345583855333643441554158926010131835938
0.1012016129032258238140684625250287353992462158203125000
0.1014743333333333330514847148151602596044540405273437500
0.1015606451612903332604176398490380961447954177856445312
0.1020570000000000088213880644616438075900077819824218750
0.1016316129032258236408736706835043150931596755981445312
0.1017835483870967866470991225469333585351705551147460938
0.1017536666666666728131573904647666495293378829956054688
0.1021545161290322578651057483511976897716522216796875000
0.1016626666666666789495820921729318797588348388671875000
0.1017664516129032220570493905142939183861017227172851562
0.1021312903225806562046429348811216186732053756713867188
0.1014085714285714451277087277958344202488660812377929688
0.1016787096774193627224391889285470824688673019409179688
0.1012893333333333284462796086700109299272298812866210938
0.1016203225806451837520683056936832144856452941894531250
0.1013640000000000096491703516221605241298675537109375000
0.1018064516129032343050297981790208723396062850952148438
0.1013106451612903330383730349240067880600690841674804688
0.1017983333333333517689567315755994059145450592041015625
0.1021922580645161504619977677066344767808914184570312500
0.1012876666666666786165151847853849176317453384399414062
0.1022480645161290419009603169797628652304410934448242188
0.1033409677419355049421412218180194031447172164916992188
0.1019355172413793225727474123232241254299879074096679688
0.1014570967741935531014618732115195598453283309936523438
0.1015680000000000055004889532028755638748407363891601562
0.1017783870967741977064946468090056441724300384521484375
0.1017016666666666624418979836264043115079402923583984375
0.1018000000000000015987211554602254182100296020507812500
0.1016512903225806480067561210489657241851091384887695312
0.1020553333333333312360480249481042847037315368652343750
0.1017345161290322680391895460161322262138128280639648438
0.1019476666666666725413747940365283284336328506469726562
0.1017800000000000093525187594423186965286731719970703125
0.1014709677419354943994633799775328952819108963012695312
0.1020525000000000043209880118411092553287744522094726562
0.1019429032258064721228052462720370385795831680297851562
0.1010876666666666728877643777195771690458059310913085938
0.1014274193548387187346904170226480346173048019409179688
0.1014906666666666873455326935982157010585069656372070312
0.1014029032258064594307356287572474684566259384155273438
0.1016103225806451737511792998702730983495712280273437500
0.1014479999999999965121233458376082126051187515258789062
0.1022767741935484003823475518402119632810354232788085938
0.1012590000000000017843504451775515917688608169555664062
0.1010109677419355062033545777921972330659627914428710938
0.1018041935483871146539414098697307053953409194946289062
0.1009517857142857161223403750227589625865221023559570312
0.1019174193548387230556784288637572899460792541503906250
0.1011966666666666708751520786790933925658464431762695312
0.1016654838709677571850775734674243722110986709594726562
0.1015590000000000103774766557762632146477699279785156250
0.1013493548387096876428614677934092469513416290283203125
0.1015483870967741897306524379018810577690601348876953125
0.1018253333333333371379936238554364535957574844360351562
0.1011209677419355051908311793340544681996107101440429688
0.1016313333333333374097762202836747746914625167846679688
0.1014377419354838688603237528695899527519941329956054688
0.1021606451612903365688822532320045866072177886962890625
0.1020075000000000148281387168935907538980245590209960938
0.1018958064516129052856641123980807606130838394165039062
0.1013963333333333383112773162793018855154514312744140625
0.1014112903225806577856005219473445322364568710327148438
0.1018600000000000060929039591428590938448905944824218750
0.1018235483870967850172917223972035571932792663574218750
0.1016706451612903322478942413908953312784433364868164062
0.1015856666666666852094635942194145172834396362304687500
0.1017438709677419422794386605346517171710729598999023438
0.1021166666666666750229452986786782275885343551635742188
0.1016716129032258220110662705337745137512683868408203125
0.1017787096774193655868145924614509567618370056152343750
0.1014262068965517266105891280858486425131559371948242188
0.1016935483870967937836127248374396003782749176025390625
0.1015693333333333309154156154363590758293867111206054688
0.1015164516129032218350047855892626103013753890991210938
0.1016446666666666748257696895052504260092973709106445312
0.1017858064516129062981875108562235254794359207153320312
0.1013616129032258172948388619261095300316810607910156250
0.1015816666666666673313201840755937155336141586303710938
0.1020780645161290384193009117552719544619321823120117188
0.1016926666666666673188856861997919622808694839477539062
0.1015196774193548451270530108558887150138616561889648438
0.1017983870967741899526970428269123658537864685058593750
0.1011178571428571482115899016207549721002578735351562500
0.1013077419354838776266447553098259959369897842407226562
0.1015470000000000122541976566026278305798768997192382812
0.1013819354838709774213612035964615643024444580078125000
0.1013576666666666792337991864769719541072845458984375000
0.1019787096774193574377775917128019500523805618286132812
0.1015474193548387138452682165734586305916309356689453125
0.1017473333333333423977862253195780795067548751831054688
0.1023719354838709683086506174731766805052757263183593750
0.1012743333333333273227339077493525110185146331787109375
0.1015848387096774385618402902764501050114631652832031250
0.1014400000000000023891999489933368749916553497314453125
0.1010975000000000068034466949029592797160148620605468750
0.1011809677419354958072261752022313885390758514404296875
0.1014470000000000093898222530697239562869071960449218750
0.1015519354838709809030206088209524750709533691406250000
0.1016016666666666734553103879079571925103664398193359375
0.1015932258064516230389173756520904134958982467651367188
0.1014906451612903326431336381574510596692562103271484375
0.1019860000000000072040151621877157595008611679077148438
0.1020264516129032322799830012627353426069021224975585938
0.1016506666666666808263030929992964956909418106079101562
0.1022948387096774269799936973868170753121376037597656250
0.1016806451612903283709954393998486921191215515136718750
0.1019725000000000075806028121405688580125570297241210938
0.1012803225806451767887494952447013929486274719238281250
0.1011953333333333315824376086311531253159046173095703125
0.1011719354838709755695091985217004548758268356323242188
0.1011906666666666787524064829995040781795978546142578125
0.1017180645161290392097797052883834112435579299926757812
0.1015180645161290473588167060370324179530143737792968750
0.1021963333333333473484927367280761245638132095336914062
0.1026280645161290472344717272790148854255676269531250000
0.1013433333333333408177168166730552911758422851562500000
0.1026909677419355071403828105758293531835079193115234375
0.1017332258064516242734853790352644864469766616821289062
0.1013989655172413822947774519889208022505044937133789062
0.1014725806451612921676996847963891923427581787109375000
0.1010353333333333381016672092300723306834697723388671875
0.1012622580645161501911033496980962809175252914428710938
0.1014020000000000198969729581222054548561573028564453125
0.1015803225806451715040878980289562605321407318115234375
0.1016677419354838768361659617767145391553640365600585938
0.1017906666666666820608710963824705686420202255249023438
0.1020238709677419447485746673009998630732297897338867188
0.1018826666666666769245352952566463500261306762695312500
0.1028312903225806484996951439825352281332015991210937500
0.1023961290322580736100732679005886893719434738159179688
0.1015575000000000088773433049027516972273588180541992188
0.1021958064516129000010025151823356281965970993041992188
0.1013333333333333446946156186641019303351640701293945312
0.1016590322580645106009811229341721627861261367797851562
0.1017420000000000129825039607567305210977792739868164062
0.1013006451612903369152718369150534272193908691406250000
0.1018441935483871130241340097200009040534496307373046875
0.1016953333333333320265268184812157414853572845458984375
0.1019893548387096893215186810266459360718727111816406250
0.1020626666666666765292958984900906216353178024291992188
0.1017567741935483938142681381577858701348304748535156250
0.1022429032258064668381436490562919061630964279174804688
0.1012221428571428716303159944800427183508872985839843750
0.1015612903225806551432697233394719660282135009765625000
0.1012233333333333457071390171222446952015161514282226562
0.1012916129032258166775548602345224935561418533325195312
0.1013880000000000058957283499694312922656536102294921875
0.1016506451612903261239040375585318543016910552978515625
0.1016206451612903238768126357172150164842605590820312500
0.1013376666666666731098089826446084771305322647094726562
0.1011816129032258176900782586926652584224939346313476562
0.1017750000000000043520742565306136384606361389160156250
0.1022116129032258208253480802341073285788297653198242188
0.1021567741935484052717697522894013673067092895507812500
0.1026339285714285703976500485623546410351991653442382812
0.1009074193548387260443988111546786967664957046508789062
0.1015980000000000077475803550441924016922712326049804688
0.1013674193548387142405076133400143589824438095092773438
0.1016116666666666695784115859169105533510446548461914062
0.1016322580645161455237257541739381849765777587890625000
0.1016845161290322596681079403424519114196300506591796875
0.1017573333333333385208874233285314403474330902099609375
0.1022074193548387216479156336390587966889142990112304688
0.1018580000000000040927261579781770706176757812500000000
0.1025532258064516116791153876874886918812990188598632812
0.1016980645161290469635773092704766895622014999389648438
0.1022879310344827624712493729930429253727197647094726562
0.1020019354838709729760282129973347764462232589721679688
0.1014900000000000107602815546670171897858381271362304688
0.1015448387096774263138598826117231510579586029052734375
0.1018850000000000033395508580724708735942840576171875000
0.1014419354838709680377561994646384846419095993041992188
0.1018354838709677606667369786919152829796075820922851562
0.1018580000000000040927261579781770706176757812500000000
0.1010309677419354984495569738101039547473192214965820312
0.1017610000000000181064052640067529864609241485595703125
0.1014067741935484046056359375143074430525302886962890625
0.1016148387096774269311438843033101875334978103637695312
0.1013257142857142967251604659395525231957435607910156250
0.1019206451612903324699388463159266393631696701049804688
0.1014393333333333396817366178765951190143823623657226562
0.1014948387096774318205660847524995915591716766357421875
0.1013413333333333388175390155083732679486274719238281250
0.1012858064516129058540983010061609093099832534790039062
0.1013083870967741995094968388002598658204078674316406250
0.1021896666666666786404960021172882989048957824707031250
0.1020874193548387265373378340882482007145881652832031250
0.1014023333333333443118107197733479551970958709716796875
0.1023277419354838707610255710278579499572515487670898438
0.1015000000000000068833827526759705506265163421630859375
0.1011392857142857093499799248093040660023689270019531250
0.1014077419354838666132323510282731149345636367797851562
0.1010183333333333488557315149591886438429355621337890625
0.1014212903225806539087017199562978930771350860595703125
0.1014450000000000073896444519050419330596923828125000000
0.1016138709677419371679718551604310050606727600097656250
0.1017519354838709727539836080723034683614969253540039062
0.1017640000000000072288841579393192660063505172729492188
0.1023516129032258220599160836172814015299081802368164062
0.1028813333333333385199992449088313151150941848754882812
0.1011145161290322586067347288008022587746381759643554688
0.1015106451612903248893360341753577813506126403808593750
0.1012335714285714366456048196596384514123201370239257812
0.1010319354838709743349411951385263819247484207153320312
0.1012466666666666653684458765383169520646333694458007812
0.1017341935483871140366574081781436689198017120361328125
0.1015873333333333489170158259184972848743200302124023438
0.1017616129032258287523404760577250272035598754882812500
0.1014961290322580755862702517333673313260078430175781250
0.1019523333333333392491937274826341308653354644775390625
0.1016090322580645161076873250749486032873392105102539062
0.1017466666666666658125350863883795682340860366821289062
0.1014509677419355021532609839596261736005544662475585938
0.1018122580645161451284863574073824565857648849487304688
0.1022068965517241440066342761383566539734601974487304688
0.1011512903225806475626669111989031080156564712524414062
0.1015503333333333396693021200007933657616376876831054688
0.1012793548387096870255774661018222104758024215698242188
0.1012580000000000007842615445952105801552534103393554688
0.1013696774193548338915960016493045259267091751098632812
0.1016003225806451776280781018613197375088930130004882812
0.1020640000000000019442225607235741335898637771606445312
0.1014287096774193625003945840035157743841409683227539062
0.1018310000000000187236892656983400229364633560180664062
0.1020754838709677508878925777935364749282598495483398438
0.1023083870967742003976752585003850981593132019042968750
0.1020432142857143065217684352319338358938694000244140625
0.1012106451612903301739976313911029137670993804931640625
0.1016706666666666869502932968316599726676940917968750000
0.1012770967741935534967012699780752882361412048339843750
0.1016850000000000114885878588211198803037405014038085938
0.1015974193548387222163498222471389453858137130737304688
0.1018070967741935561878818816694547422230243682861328125
0.1017203333333333431509615252252842765301465988159179688
0.1014758064516129015819601022485585417598485946655273438
0.1023863333333333430763545379704737570136785507202148438
0.1005467741935484049520255211973562836647033691406250000
0.1023138709677419433408118720763013698160648345947265625
0.1023650000000000115374376719046267680823802947998046875
0.1018212903225806514884155262734566349536180496215820312
0.1017303333333333392740627232342376373708248138427734375
0.1019406451612903247161412423338333610445261001586914062
0.1014913333333333361752082169005007017403841018676757812
0.1015977419354838762188819600851275026798248291015625000
0.1015461290322580700795640495925908908247947692871093750
0.1018786666666666729241796929272823035717010498046875000
0.1014945161290322639402461391000542789697647094726562500
0.1019733333333333463732728318973386194556951522827148438
0.1016761290322580751910308549668116029351949691772460938
0.1024806451612903235304230520341661758720874786376953125
0.1020282142857143053982227343112754169851541519165039062
0.1016880645161290369626883034470665734261274337768554688
0.1010310000000000096864738452495657838881015777587890625
0.1010770967741935477679504629122675396502017974853515625
0.1018103333333333360144479229347780346870422363281250000
0.1016038709677419410448706571514776442199945449829101562
0.1016174193548387144625522182650456670671701431274414062
0.1018253333333333371379936238554364535957574844360351562
0.1023225806451612956982089031043869908899068832397460938
0.1020626666666666765292958984900906216353178024291992188
0.1020174193548387259200538323966611642390489578247070312
0.1015406451612903271364274360166746191680431365966796875
0.1021100000000000063149485640678904019296169281005859375
0.1016077419354838723419831580940808635205030441284179688
0.1017786666666666700598042893943784292787313461303710938
0.1008093548387096888285796580930764321237802505493164062
0.1015946666666666803324758916460268665105104446411132812
0.1018316129032258154918366699348553083837032318115234375
0.1016722580645161438939183540242083836346864700317382812
0.1012200000000000044142467459096224047243595123291015625
0.1020748387096774290050404943031026050448417663574218750
0.1014566666666666672202978816130780614912509918212890625
0.1025741935483871075662776206627313513308763504028320312
0.1015145161290322561864485351179610006511211395263671875
0.1023471428571428726295167166426836047321557998657226562
0.1015116129032258285302958711326937191188335418701171875
0.1012820000000000109086073507569381035864353179931640625
0.1011264516129032342561799850955139845609664916992187500
0.1014836666666666803449103895218286197632551193237304688
0.1017280645161290492106687111117935273796319961547851562
0.1016735483870967876596225210050761234015226364135742188
0.1021770000000000178097536718269111588597297668457031250
0.1025251612903225889583680441319302190095186233520507812
0.1016903333333333409038701233839674387127161026000976562
0.1019351612903225817730046287579170893877744674682617188
0.1011938709677419334642678450109087862074375152587890625
0.1016467857142857172947358890269242692738771438598632812
0.1017748387096774342897020915188477374613285064697265625
0.1010143333333333309775881048153678420931100845336914062
0.1017719354838709788779738119046669453382492065429687500
0.1016766666666666651952510846967925317585468292236328125
0.1017493548387096852225752741105679888278245925903320312
0.1015393548387096833707232690358068794012069702148437500
0.1021046666666666768996662995050428435206413269042968750
0.1020703225806451758250759098700655158609151840209960938
0.1025803333333333428045719415422354359179735183715820312
0.1020606451612903337045068496991007123142480850219726562
0.1020470967741935464090374807710759341716766357421875000
0.1016042857142857164243210377208015415817499160766601562
0.1019251612903225856499034307489637285470962524414062500
0.1018356666666666854315081991444458253681659698486328125
0.1014370967741935469774716693791560828685760498046875000
0.1015226666666666777150140887897578068077564239501953125
0.1015329032258064645422024341314681805670261383056640625
0.1016145161290322590508239386508648749440908432006835938
0.1018573333333333413852628268614353146404027938842773438
0.1017874193548387179442116234895365778356790542602539062
0.1018243333333333361379047232730954419821500778198242188
0.1022680645161290480249505208121263422071933746337890625
0.1015832258064516130380283698286802973598241806030273438
0.1013862068965517282403965282355784438550472259521484375
0.1012577419354838692555631496361456811428070068359375000
0.1014413333333333416819144190412771422415971755981445312
0.1012551612903225817241548156744102016091346740722656250
0.1012133333333333495840378191132913343608379364013671875
0.1014900000000000107602815546670171897858381271362304688
0.1013532258064516189399739687360124662518501281738281250
0.1018529999999999990922816550664720125496387481689453125
0.1018158064516129085452789126975403632968664169311523438
0.1022340000000000054258819659480650443583726882934570312
0.1023777419354838791321071767015382647514343261718750000
0.1033351612903225802408968547752010636031627655029296875
0.1019550000000000039568348597640579100698232650756835938
0.1016335483870967892894299211548059247434139251708984375
0.1008153333333333401267140061463578604161739349365234375
0.1017912903225806492413241244321397971361875534057617188
0.1015410000000000062536642531085817608982324600219726562
0.1016106451612903277537114377082616556435823440551757812
0.1013248387096774283389066795280086807906627655029296875
0.1017246666666666854439426970202475786209106445312500000
0.1019425806451612903646974928051349706947803497314453125
0.1019586666666666696645648926278227008879184722900390625
0.1017303225806451827395449072355404496192932128906250000
0.1025325806451612975500609081791481003165245056152343750
0.1016117857142857100471999842739023733884096145629882812
0.1026870967741935480876946940043126232922077178955078125
0.1014190000000000091429086523930891416966915130615234375
0.1018119354838709772481664117549371439963579177856445312
0.1013956666666666894816017929770168848335742950439453125
0.1017990322580645118355491263173462357372045516967773438
0.1018041935483871146539414098697307053953409194946289062
0.1017090000000000077351458571683906484395265579223632812
0.1015593548387096894947134728681703563779592514038085938
0.1016070000000000167483804602852615062147378921508789062
0.1019900000000000112043707645170798059552907943725585938
0.1027722580645161476464721772572374902665615081787109375
0.1020039285714285787198818411525280680507421493530273438
0.1015829032258064729132840398051484953612089157104492188
0.1015570000000000222550866624260379467159509658813476562
0.1017387096774193672166219926111807581037282943725585938
0.1014570000000000193907112588931340724229812622070312500
0.1014958064516129077059503060809220187366008758544921875
0.1018129032258064670113384408978163264691829681396484375
0.1016226666666666667016016845082049258053302764892578125
0.1018632258064516155071643765950284432619810104370117188
0.1017620000000000191064941645890939980745315551757812500
0.1030058064516129051613191336400632280856370925903320312
0.1030990322580645213168537566161830909550189971923828125
0.1025800000000000045119463720766361802816390991210937500
0.1015441935483871044310077991212892811745405197143554688
0.1014363333333333366814699161295720841735601425170898438
0.1018222580645161412515875554163358174264430999755859375
0.1011913333333333414598698141162458341568708419799804688
0.1015725806451612950320750883292930666357278823852539062
0.1013729032258064710614320347303873859345912933349609375
