-0.0056354838709677416638821334515796479536220431327819824
-0.0004724137931034483447664817923339342087274417281150818
0.0041096774193548389966790246319305879296734929084777832
0.0101333333333333327347380858896030986215919256210327148
0.0090870967741935489148108473500542459078133106231689453
0.0170633333333333331305325941684714052826166152954101562
0.0177322580645161292922651341541495639830827713012695312
0.0179258064516129023147072985011618584394454956054687500
0.0132233333333333334669301706298938370309770107269287109
0.0098677419354838702414411955032846890389919281005859375
-0.0006500000000000000785829734617493613768601790070533752
0.0004516129032258065379573652720068821508903056383132935
0.0001935483870967742150645540810671718645608052611351013
0.0020500000000000001727784582072899866034276783466339111
0.0023645161290322580689704512479920595069415867328643799
0.0063566666666666675825081433970353828044608235359191895
0.0103903225806451626062054671706391673069447278976440430
0.0175333333333333347969773541308313724584877490997314453
0.0172387096774193546155906631156540242955088615417480469
0.0185258064516129021537249599305141600780189037322998047
0.0106900000000000015842882561400983831845223903656005859
0.0062645161290322583236278575213873409666121006011962891
0.0034433333333333329684400325731985503807663917541503906
-0.0005419354838709677154445776281477265001740306615829468
-0.0035064516129032258402731248025929744471795856952667236
0.0009499999999999999980918041764255121961468830704689026
0.0029870967741935485276205675120309024350717663764953613
0.0091900000000000002520206265899105346761643886566162109
0.0133709677419354844990495578826994460541754961013793945
0.0166300000000000024191759706582161015830934047698974609
0.0168709677419354858729505508563306648284196853637695312
0.0177032258064516133388988095020977198146283626556396484
0.0146066666666666671037244640274366247467696666717529297
0.0090838709677419360311034779442707076668739318847656250
0.0018633333333333333779041618427640969457570463418960571
-0.0039258064516129037579972305138653609901666641235351562
-0.0033354838709677417027399393134601268684491515159606934
0.0010785714285714287363759922300232574343681335449218750
0.0029064516129032260012554633732406728086061775684356689
0.0072400000000000007752132269445155543508008122444152832
0.0109193548387096772689375256959465332329273223876953125
0.0174199999999999979860554333299660356715321540832519531
0.0159096774193548395892605640256078913807868957519531250
0.0185451612903225794559691763652153895236551761627197266
0.0143599999999999995009547504309921350795775651931762695
0.0074258064516129042645364854990930325584486126899719238
-0.0010933333333333333098336126454341865610331296920776367
-0.0101290322580645172911850693253654753789305686950683594
-0.0050806451612903230641293816916004288941621780395507812
-0.0018827586206896552729200822184907337941695004701614380
0.0043645161290322585442846836656372033758088946342468262
0.0105400000000000007571721027943567605689167976379394531
0.0122032258064516136580879290818302251864224672317504883
0.0163000000000000019872992140790302073583006858825683594
0.0193096774193548398335096294431423302739858627319335938
0.0165774193548387099861329829764144960790872573852539062
0.0146233333333333319348223966471778112463653087615966797
0.0086322580645161305773482851577682595234364271163940430
0.0042133333333333336870318852618311211699619889259338379
0.0034322580645161290813227594753698213025927543640136719
-0.0063580645161290319511415702891099499538540840148925781
-0.0011928571428571428571924206707421944884117692708969116
0.0044709677419354845739896120448975125327706336975097656
0.0065633333333333342130000431779990321956574916839599609
0.0120548387096774192728254604389803716912865638732910156
0.0156633333333333346626403681511874310672283172607421875
0.0201193548387096771135063022484246175736188888549804688
0.0179354838709677409658294067185124731622636318206787109
0.0124400000000000014038770146385104453656822443008422852
0.0057258064516129032750502148019222659058868885040283203
0.0029433333333333333917125607115394814172759652137756348
-0.0002064516129032258041041403284765465286909602582454681
-0.0009354838709677420214086418503995901119196787476539612
0.0009392857142857143331465819002801254100631922483444214
0.0075451612903225809617091535130839474732056260108947754
0.0083366666666666658369599929301330121234059333801269531
0.0135064516129032256147590729256080521736294031143188477
0.0146300000000000023775426072347727313172072172164916992
0.0174741935483870985956755816914665047079324722290039062
0.0151838709677419372856554957706975983455777168273925781
0.0135233333333333333864390013445699878502637147903442383
0.0093838709677419359506123086589468584861606359481811523
0.0038233333333333335314618839362310609431006014347076416
-0.0004064516129032258407935418453860165755031630396842957
-0.0022225806451612903184844594051128296996466815471649170
0.0011035714285714288019485396219465656031388789415359497
-0.0006064516129032258232728347380202649219427257776260376
0.0074633333333333339715265353220274846535176038742065430
0.0139387096774193537662700492774092708714306354522705078
0.0169366666666666693119580600068729836493730545043945312
0.0178193548387096771523641081103050964884459972381591797
0.0173419354838709668942264841007272480055689811706542969
0.0141800000000000016309176231743549578823149204254150391
0.0083612903225806448764823031183368584606796503067016602
0.0027866666666666668923657557144224483636207878589630127
-0.0004387096774193548404975617760470640860148705542087555
0.0018000000000000001675742877793595653201919049024581909
0.0016068965517241381828206225890198766137473285198211670
0.0056225806451612909964143938168490421958267688751220703
0.0073233333333333336043202699272569589084014296531677246
0.0145419354838709664889950801125451107509434223175048828
0.0131566666666666672036445362437007133848965167999267578
0.0188806451612903228309825465203175554051995277404785156
0.0172838709677419384569407867502377484925091266632080078
0.0140199999999999994765298438892386911902576684951782227
0.0080322580645161307383306237284159578848630189895629883
0.0009766666666666666985624489782935597759205847978591919
0.0010290322580645161910234408608744161028880625963211060
-0.0059129032258064522648011163141745782922953367233276367
0.0008500000000000000610622663543836097232997417449951172
0.0038935483870967744872426674618282049777917563915252686
0.0112233333333333334252968072064504667650908231735229492
0.0116612903225806457258029169565816118847578763961791992
0.0182133333333333348458271672143382602371275424957275391
0.0188290322580645166916646360277809435501694679260253906
0.0165129032258064523119855948607437312602996826171875000
0.0139166666666666657276030250045550928916782140731811523
0.0080225806451612903524850395342582487501204013824462891
0.0035966666666666668485119462417287650168873369693756104
-0.0020483870967741937309247735043982174829579889774322510
-0.0033032258064516128656662452556247444590553641319274902
-0.0023250000000000002435551760271437160554341971874237061
0.0009548387096774194320730755336512629583012312650680542
0.0103166666666666684282205324052483774721622467041015625
0.0144451612903225799777739979390389635227620601654052734
0.0150633333333333330888992307450280350167304277420043945
0.0186451612903225788508976279445050749927759170532226562
0.0183548387096774227866813333776008221320807933807373047
0.0161033333333333340819937262722305604256689548492431641
0.0096064516129032266611442736348180915229022502899169922
0.0035600000000000002302324997316418375703506171703338623
-0.0001741935483870967772950660856778881679929327219724655
-0.0053709677419354843325161041889259649906307458877563477
-0.0023714285714285716390181679713577977963723242282867432
0.0012580645161290322352892756541109520185273140668869019
0.0093900000000000007766010057252970000263303518295288086
0.0116838709677419359117545027970663795713335275650024414
0.0169300000000000006039613253960851579904556274414062500
0.0213838709677419379351359651764141744934022426605224609
0.0171225806451612908021253645074466476216912269592285156
0.0140400000000000003963496197911808849312365055084228516
0.0056580645161290327171954572804679628461599349975585938
0.0022933333333333334215498044983405634411610662937164307
-0.0026129032258064518491613714701315984711982309818267822
-0.0039806451612903227810225104121855110861361026763916016
-0.0017793103448275862828176219210263298009522259235382080
0.0031645161290322579988876228185290528926998376846313477
0.0076600000000000001421085471520200371742248535156250000
0.0141741935483870977463549678532217512838542461395263672
0.0172333333333333366121919993929623160511255264282226562
0.0165129032258064523119855948607437312602996826171875000
0.0166903225806451609158909121788383345119655132293701172
0.0136699999999999998595567873849176976364105939865112305
0.0067258064516129041632286345020474982447922229766845703
0.0011100000000000000924954557390833542740438133478164673
-0.0011096774193548389342289794967655325308442115783691406
-0.0036483870967741935907591166454722042544744908809661865
-0.0022750000000000001124100812432970997178927063941955566
0.0002935483870967742063042005273842960377805866301059723
0.0081933333333333337178405741951792151667177677154541016
0.0171193548387096779184179951016631093807518482208251953
0.0190633333333333349068894335687218699604272842407226562
0.0178967741935483863613409738491100142709910869598388672
0.0166387096774193547765730016863017226569354534149169922
0.0116600000000000002253752739989067777059972286224365234
0.0093935483870967746017344168762974732089787721633911133
0.0012466666666666667562246573197626275941729545593261719
-0.0040419354838709684388242671104762848699465394020080566
0.0006451612903225806446017021045236106147058308124542236
-0.0037928571428571433883647490148405267973430454730987549
0.0049709677419354841507170839065565814962610602378845215
0.0084500000000000009131584377541912544984370470046997070
0.0147322580645161283624533510305809613782912492752075195
0.0148533333333333347064941776238811144139617681503295898
0.0173580645161290347822102830832591280341148376464843750
0.0180322580645161274770504888920186203904449939727783203
0.0128833333333333351772287400649474875535815954208374023
0.0070741935483870964709862683150731754722073674201965332
0.0025933333333333333410586352130167142604477703571319580
-0.0056935483870967744379765207440868834964931011199951172
-0.0054580645161290321926150781450814974959939718246459961
-0.0030607142857142859669605794437075019231997430324554443
0.0037580645161290320704905454363142780493944883346557617
0.0068133333333333344350446481030303402803838253021240234
0.0149741935483870981099530084179605182725936174392700195
0.0166566666666666668428220532405248377472162246704101562
0.0175258064516129047349934921840031165629625320434570312
0.0165935483870967744046698300053321872837841510772705078
0.0145133333333333329473457951053205761127173900604248047
0.0099903225806451615570447088998662366066128015518188477
0.0009933333333333334812242920719427274889312684535980225
-0.0003741935483870967868794132904497473646188154816627502
-0.0015483870967741937205164326485373749164864420890808105
0.0007137931034482758799186719045337667921558022499084473
0.0015903225806451612087122349237233720486983656883239746
0.0087566666666666660712170511260410421527922153472900391
0.0134096774193548391035379907521019049454480409622192383
0.0168366666666666699170296084275832981802523136138916016
0.0179774193548387119234721609473126591183245182037353516
0.0204516129032258076048123029977432452142238616943359375
0.0152900000000000015065726444163374253548681735992431641
0.0078290322580645173300428751872459542937576770782470703
0.0013699999999999999070882106266822120232973247766494751
-0.0036645161290322584429768326685916690621525049209594727
-0.0081677419354838701193166627945174695923924446105957031
0.0018714285714285716286098271154969552299007773399353027
0.0051645161290322589078827242303759703645482659339904785
0.0101900000000000011401990462900357670150697231292724609
0.0126806451612903239162255530914080736692994832992553711
0.0163933333333333361436778830011462559923529624938964844
0.0186645161290322596225887963328204932622611522674560547
0.0186161290322580663669782552460674196481704711914062500
0.0147166666666666660912010655692938598804175853729248047
0.0100580645161290321148994664213205396663397550582885742
0.0016899999999999998790550792548970093776006251573562622
-0.0025225806451612906716741591139907541219145059585571289
-0.0052774193548387098376406534327998087974265217781066895
0.0023071428571428574325063998173845902783796191215515137
0.0056774193548387100194396737151691922917962074279785156
0.0117833333333333331593983928087254753336310386657714844
0.0134064516129032262198306213463183667045086622238159180
0.0152133333333333339160153840907696576323360204696655273
0.0193612903225806459728275399356789421290159225463867188
0.0175741935483870979906040332707561901770532131195068359
0.0127633333333333348624805125837156083434820175170898438
0.0093548387096774199972459840068950143177062273025512695
0.0033266666666666665740093034031588103971444070339202881
-0.0012548387096774193515819062483274137775879353284835815
-0.0051516129032258065056915086188382701948285102844238281
-0.0067892857142857138477709533219695003936067223548889160
0.0017870967741935484159043756591245255549438297748565674
0.0095866666666666669471830175552895525470376014709472656
0.0133419354838709668109597572538405074737966060638427734
0.0168566666666666656326789563991042086854577064514160156
0.0198741935483870979517462274088757112622261047363281250
0.0179483870967741925006588843416466261260211467742919922
0.0168666666666666652252271063616717583499848842620849609
0.0076580645161290327588288207039113331120461225509643555
0.0040200000000000001357247647604253870667889714241027832
-0.0012290322580645162819229510020591078500729054212570190
-0.0035322580645161289099320800488612803746946156024932861
-0.0009896551724137931868585660311055107740685343742370605
0.0064258064516129042437198037873713474255055189132690430
0.0067466666666666673043972757284336694283410906791687012
0.0116000000000000009353628982466943853069096803665161133
0.0170233333333333312908930423645870178006589412689208984
0.0187096774193548399944919680137900286354124546051025391
0.0157387096774193532833230335654661757871508598327636719
0.0141066666666666666596352541773740085773169994354248047
0.0093548387096774199972459840068950143177062273025512695
0.0013999999999999999857752674969901818258222192525863647
-0.0015806451612903227744305612034736441273707896471023560
-0.0021709677419354841791665489125762178446166217327117920
0.0027500000000000002740863092043355209170840680599212646
0.0066516129032258069705974001806225714972242712974548340
0.0089833333333333327541669888205433380790054798126220703
0.0111000000000000004912736883966317691374570131301879883
0.0178733333333333313519553087189706275239586830139160156
0.0181451612903225818762553700480566476471722126007080078
0.0183870967741935481543080754818220157176256179809570312
0.0145400000000000008404388296412435011006891727447509766
0.0070225806451612903316683578225365636171773076057434082
0.0009933333333333334812242920719427274889312684535980225
-0.0011064516129032258336811755938811074884142726659774780
-0.0000419354838709677456938182404933002089819638058543205
0.0010428571428571428974380053134041190787684172391891479
0.0054387096774193557577325996987838152563199400901794434
0.0098533333333333337350490310768691415432840585708618164
0.0138967741935483880127977229790303681511431932449340820
0.0158800000000000017530421558831221773289144039154052734
0.0171354838709677423369548421305808005854487419128417969
0.0195354838709677416930254878479900071397423744201660156
0.0152099999999999995620170167853757448028773069381713867
0.0098838709677419363947015185090094746556133031845092773
0.0044633333333333339090764901868624292546883225440979004
0.0001612903225806451611504255261309026536764577031135559
0.0015677419354838710227606490832386043621227145195007324
0.0017071428571428573766483038909314018383156508207321167
0.0042225806451612907937986918227579735685139894485473633
0.0085766666666666664664564478925967705436050891876220703
0.0127032258064516141021771389318928413558751344680786133
0.0162866666666666680407526968110687448643147945404052734
0.0183516129032258099029739639718172838911414146423339844
0.0179032258064516121287557126606770907528698444366455078
0.0135933333333333340037230030361570243258029222488403320
0.0077451612903225814862895326484704128233715891838073730
0.0047533333333333333686754329505674832034856081008911133
-0.0061387096774193558590404506958293495699763298034667969
-0.0006483870967741935283090715103071488556452095508575439
0.0024928571428571430143583675942409172421321272850036621
0.0010354838709677419584381796724414925847668200731277466
0.0077700000000000008643086246706843667197972536087036133
0.0118225806451612899111713872457585239317268133163452148
0.0174333333333333354020489025515416869893670082092285156
0.0199903225806451617652115260170830879360437393188476562
0.0177354838709677421759725035599331022240221500396728516
0.0166600000000000011968204205459187505766749382019042969
0.0101096774193548382542173769138571515213698148727416992
0.0046066666666666668955576469102197734173387289047241211
0.0009709677419354838506099225625689541629981249570846558
-0.0055451612903225809200757900896405772073194384574890137
-0.0043285714285714290208706422902196209179237484931945801
0.0039032258064516131383647756791788197006098926067352295
0.0093866666666666664226026384199030871968716382980346680
0.0148161290322580650735684315577600500546395778656005859
0.0177666666666666667184770744825073052197694778442382812
0.0194548387096774230697882046570157399401068687438964844
0.0174612903225806470608461040683323517441749572753906250
0.0144033333333333339598691935634633409790694713592529297
0.0097870967741935498834804363355033274274319410324096680
0.0016533333333333334776160672419109687325544655323028564
0.0004322580645161290188727143402047659037634730339050293
0.0017290322580645160754908573608190636150538921356201172
0.0001785714285714285983787397160682530738995410501956940
0.0043677419354838714279920530714207416167482733726501465
0.0094800000000000005789813073420191358309239149093627930
0.0101064516129032253705100075080736132804304361343383789
0.0161500000000000011601830607332885847426950931549072266
0.0181032258064516143880595677728706505149602890014648438
0.0178516129032258094588847541217546677216887474060058594
0.0139100000000000004890532423473814560566097497940063477
0.0079548387096774197946302820128039456903934478759765625
0.0005866666666666666514126649012439429498044773936271667
-0.0029387096774193548383291574310760552179999649524688721
-0.0036258064516129034048075308049874365678988397121429443
0.0035928571428571432974652388736558350501582026481628418
0.0064032258064516131904064799584830325329676270484924316
0.0062266666666666668078500279648324067238718271255493164
0.0137451612903225807438278849303969764150679111480712891
0.0161133333333333336745418762347981100901961326599121094
0.0176193548387096783625072049517257255502045154571533203
0.0181677419354838720622069558885414153337478637695312500
0.0141633333333333333303727386009995825588703155517578125
0.0100806451612903240355745282386124017648398876190185547
0.0044466666666666673432550815903141483431681990623474121
-0.0018548387096774194074400021747806022176519036293029785
-0.0025032258064516129357490736850877510732971131801605225
0.0013103448275862069911240626041148971125949174165725708
0.0053935483870967745184676900294107326772063970565795898
0.0106233333333333335862791457770981651265174150466918945
0.0135451612903225802192475057950105110649019479751586914
0.0176433333333333337844539556726886075921356678009033203
0.0210967741935483878157331361080650822259485721588134766
0.0190645161290322606717495546035934239625930786132812500
0.0128766666666666682039554814309667563065886497497558594
0.0088193548387096778323757106932134774979203939437866211
0.0026333333333333334459747110400940073304809629917144775
-0.0001322580645161290451537750012533933841041289269924164
-0.0030870967741935483562298880855223615071736276149749756
0.0009964285714285715019750133691900373378302901983261108
0.0058516129032258066069993596158838045084848999977111816
0.0074066666666666664334273129099983634660020470619201660
0.0133774193548387102664642966942665225360542535781860352
0.0185133333333333330306125219522073166444897651672363281
0.0214322580645161277212995543095530592836439609527587891
0.0186645161290322596225887963328204932622611522674560547
0.0154266666666666683871422804941175854764878749847412109
0.0047064516129032259519893166554993513273075222969055176
0.0028866666666666667209750762879139074357226490974426270
0.0001387096774193548667786224370956915663555264472961426
-0.0003677419354838709652545658546074491823674179613590240
-0.0005607142857142856980784406673024022893514484167098999
0.0040677419354838715084832223567445907974615693092346191
0.0100166666666666667739882257137651322409510612487792969
0.0144354838709677413266518897216883487999439239501953125
0.0158066666666666667817597868861412280239164829254150391
0.0192483870967741915736226587796409148722887039184570312
0.0182741935483870972245501462793981772847473621368408203
0.0128966666666666673890517813561018556356430053710937500
0.0094129032258064519039786333109987026546150445938110352
0.0057299999999999998503974474317601561779156327247619629
-0.0029483870967741939231321346426284435437992215156555176
-0.0014032258064516130863230713998746068682521581649780273
-0.0014107142857142857591407070216860120126511901617050171
0.0029806451612903227602058287004638259531930088996887207
0.0066933333333333341202964206217984610702842473983764648
0.0158419354838709690314058065041535883210599422454833984
0.0172400000000000018507417820501359528861939907073974609
0.0164903225806451621260340090202589635737240314483642578
0.0186838709677419369248330127675217227078974246978759766
0.0146800000000000020750068330244175740517675876617431641
0.0124129032258064510990669404577602108474820852279663086
0.0016366666666666666949542241482618010195437818765640259
0.0008677419354838710298730153347435134492116048932075500
-0.0038838709677419354024396902502758166519924998283386230
0.0010689655172413793475516552433646211284212768077850342
0.0036322580645161291722222696165545130497775971889495850
0.0073766666666666667884211250338921672664582729339599609
0.0165000000000000007771561172376095782965421676635742188
0.0189133333333333340797732802229802473448216915130615234
0.0184741935483870994838540013915917370468378067016601562
0.0162935483870967762198844752674631308764219284057617188
0.0129766666666666693336074089870635361876338720321655273
0.0091580645161290323563729742772920872084796428680419922
0.0003700000000000000489018547877861919914721511304378510
-0.0022387096774193547370213064340305209043435752391815186
-0.0025903225806451612295289166354450571816414594650268555
-0.0033500000000000001131039706336878225556574761867523193
0.0018774193548387095933915880152653699042275547981262207
0.0092966666666666666202223368031809513922780752182006836
0.0118419354838709689481390796572668477892875671386718750
0.0154766666666666680846065062837624282110482454299926758
0.0164967741935483878934487478318260400556027889251708984
0.0172580645161290353872818315039694425649940967559814453
0.0141400000000000015260015473472776648122817277908325195
0.0098548387096774204413351938569576304871588945388793945
0.0013533333333333333412668020301339311117772012948989868
0.0002290322580645161526860520417869793163845315575599670
-0.0001000000000000000047921736023859295983129413798451424
0.0008857142857142857915800360224523046781541779637336731
0.0045225806451612907133075225374341243878006935119628906
0.0077833333333333330761316659618387348018586635589599609
0.0127870967741935490785687434822648356202989816665649414
0.0171866666666666695340026649319042917340993881225585938
0.0166935483870967737995982815846218727529048919677734375
0.0166709677419354870830936476977512938901782035827636719
0.0127200000000000004035660694512444024439901113510131836
0.0092516129032258059838866870450146961957216262817382812
0.0020833333333333333044212754003865484264679253101348877
0.0015322580645161290851391511225187969102989882230758667
-0.0041967741935483877241397365764896676409989595413208008
0.0001749999999999999982219084371237727282277774065732956
0.0046935483870967744171598390323651983635500073432922363
0.0082233333333333342302085000596889585722237825393676758
0.0134032258064516133361232519405348284635692834854125977
0.0160633333333333322423541744683461729437112808227539062
0.0200419354838709679045294365096196997910737991333007812
0.0198967741935483881376978132493604789488017559051513672
0.0150500000000000008770761894538736669346690177917480469
0.0084548387096774202387194918628665618598461151123046875
0.0038966666666666672017016459506066894391551613807678223
0.0014354838709677421402371999548108760791365057229995728
-0.0031483870967741935803507757896113616880029439926147461
0.0015482758620689654732033302408922281756531447172164917
0.0064387096774193557785492814105055003892630338668823242
0.0071666666666666675386543339243416994577273726463317871
0.0132193548387096772300797198340660543181002140045166016
0.0171066666666666658547235613241355167701840400695800781
0.0179451612903225796169515149358630878850817680358886719
0.0152354838709677416902499302864271157886832952499389648
0.0092833333333333326736758195352194888982921838760375977
0.0058387096774193550721698819927496515447273850440979004
0.0007500000000000000156125112837912638497073203325271606
0.0010129032258064515556461593348558380967006087303161621
-0.0026645161290322579884792819626682103262282907962799072
-0.0004571428571428571337870172541784086206462234258651733
0.0065806451612903235290352732533847301965579390525817871
0.0086033333333333343595494824285196955315768718719482422
0.0125838709677419374050044709179019264411181211471557617
0.0152666666666666662327545012090013187844306230545043945
0.0152161290322580643880057138517258863430470228195190430
0.0160741935483870966583364037205683416686952114105224609
0.0130600000000000004279909759929978463333100080490112305
0.0088387096774193551346199271279147069435566663742065430
0.0056833333333333336395698509591056790668517351150512695
0.0011129032258064516010959144054481839702930301427841187
-0.0045483870967741937829664777837024303153157234191894531
-0.0008571428571428572071658202879973487142706289887428284
0.0054903225806451618970505101913204271113499999046325684
0.0100099999999999998007149670797844009939581155776977539
0.0123096774193548388204311194726869871374219655990600586
0.0153966666666666678747743546296078420709818601608276367
0.0168870967741935502914873978852483560331165790557861328
0.0176774193548387102692398542558294138871133327484130859
0.0128800000000000025579538487363606691360473632812500000
0.0082645161290322583652612209448307112324982881546020508
0.0026600000000000004717060075876133851124905049800872803
0.0004483870967741935458297786176729005092056468129158020
-0.0001096774193548387101243904440117660215037176385521889
-0.0000035714285714285713577110722982688173487986205145717
0.0025064516129032262531373120850730629172176122665405273
0.0082199999999999998762101327542950457427650690078735352
0.0144774193548387105495711679736814403440803289413452148
0.0182400000000000027389202017502611852250993251800537109
0.0175935483870967752928482497054574196226894855499267578
0.0161967741935483862392164411403427948243916034698486328
0.0120333333333333333814429977337567834183573722839355469
0.0062387096774193552539689022751190350390970706939697266
0.0004033333333333333431749978537084189156303182244300842
0.0033064516129032257493736146614082826999947428703308105
0.0034709677419354841194920613389740537968464195728302002
0.0011000000000000000662664367823140310065355151891708374
0.0065290322580645173897173627608481183415278792381286621
0.0087500000000000008326672684688674053177237510681152344
0.0141161290322580641048988425723109685350209474563598633
0.0145566666666666674062602382377917820122092962265014648
0.0175290322580645176187008615897866548039019107818603516
0.0168225806451612891478930578159634023904800415039062500
0.0120633333333333338938109235982665268238633871078491211
0.0086612903225806447959911338330130092799663543701171875
0.0043333333333333340017801127430630003800615668296813965
0.0024870967741935485172122266561700598686002194881439209
-0.0026806451612903224070161289915859015309251844882965088
-0.0038214285714285715390980957550937091582454741001129150
0.0016225806451612904794667979757605280610732734203338623
0.0051866666666666666821172704260334285208955407142639160
0.0151193548387096778767846316782197391148656606674194336
0.0186666666666666682117270426033428520895540714263916016
0.0190258064516129025978141697805767762474715709686279297
0.0182451612903225812711838216273463331162929534912109375
0.0160733333333333318349023244309137226082384586334228516
0.0082935483870967743186275455968825554009526968002319336
0.0038500000000000001235123114895486651221290230751037598
-0.0027903225806451613204284267766297489288263022899627686
-0.0012774193548387097543739265859130682656541466712951660
0.0008714285714285713909527109066743832954671233892440796
0.0054032258064516131695897982467613474000245332717895508
0.0107733333333333344133952991228397877421230077743530273
0.0142548387096774215737626789746173017192631959915161133
0.0142933333333333349723925920216061058454215526580810547
0.0176483870967741943158735296037775697186589241027832031
0.0170677419354838717791000846091264975257217884063720703
0.0144333333333333344722371194279730843845754861831665039
0.0086000000000000000055511151231257827021181583404541016
0.0026533333333333334984327489536326538654975593090057373
0.0031548387096774193477655146011784381698817014694213867
0.0013387096774193547616543797929011816449929028749465942
-0.0011607142857142857539365365937555907294154167175292969
0.0041741935483870966708264127476013527484610676765441895
0.0065333333333333328332703793250857415841892361640930176
0.0111064516129032262586884272081988456193357706069946289
0.0158133333333333320203095695433148648589849472045898438
0.0157161290322580630973714477249814081005752086639404297
0.0177645161290322615987857801655991352163255214691162109
0.0157666666666666649421202350822568405419588088989257812
0.0066870967741935486913784636442414921475574374198913574
0.0018166666666666669502361308730087330332025885581970215
0.0009516129032258064399454888793172813166165724396705627
0.0025129032258064515868711819024383657961152493953704834
0.0022931034482758620718367836843754048459231853485107422
0.0067612903225806450166479599772628716891631484031677246
0.0110333333333333342279880540104386454913765192031860352
0.0154419354838709679822450482333806576207280158996582031
0.0157933333333333328352132696181797655299305915832519531
0.0184290322580645156425038777570080128498375415802001953
0.0162774193548387118013476282385454396717250347137451172
0.0142600000000000001060262988517024496104568243026733398
0.0072290322580645174910252137578936526551842689514160156
0.0004466666666666667178872685006751908076694235205650330
0.0006967741935483871091802643427115526719717308878898621
0.0038032258064516128760745861114855870255269110202789307
0.0005464285714285715142915500486253677081549540162086487
0.0061354838709677421079713433016422641230747103691101074
0.0079866666666666662199869364258120185695588588714599609
0.0152290322580645159228351914748600393068045377731323242
0.0154666666666666667573348803443877841345965862274169922
0.0198709677419354850680388580030921730212867259979248047
0.0185612903225806473439529753477472695522010326385498047
0.0142066666666666677892871817334707884583622217178344727
0.0104677419354838718151823329094440850894898176193237305
0.0001233333333333333405989334918828603804286103695631027
-0.0001032258064516129020520701642382732643454801291227341
-0.0031064516129032260921549735144253645557910203933715820
-0.0014428571428571428623965910986726157716475427150726318
0.0054000000000000002858824288409778091590851545333862305
0.0072099999999999993954835630916022637393325567245483398
0.0141548387096774221788342273953276162501424551010131836
0.0168666666666666652252271063616717583499848842620849609
0.0171290322580645165695401033190137241035699844360351562
0.0169032258064516147100242449141660472378134727478027344
0.0120633333333333338938109235982665268238633871078491211
0.0063967741935483874229917411469159560510888695716857910
0.0019366666666666668313034893600388386403210461139678955
0.0001967741935483870987719234868507101055001839995384216
-0.0000645161290322580671706756416661221464892150834202766
0.0008928571428571429376835899560660436691250652074813843
0.0050064516129032258714981473701755021465942263603210449
0.0077433333333333338385773281231649889377877116203308105
0.0142032258064516136997212925052735954523086547851562500
0.0132633333333333335718462464569711301010102033615112305
0.0193000000000000011823875212257917155511677265167236328
0.0178612903225806481100068623391052824445068836212158203
0.0143000000000000002109423746787797426804900169372558594
0.0109290322580645176547831098901042423676699399948120117
0.0036066666666666673084218341926998618873767554759979248
-0.0017645161290322580131123553215388710668776184320449829
-0.0037064516129032259311726349437776661943644285202026367
-0.0028034482758620693498841092150541953742504119873046875
0.0022064516129032258999476123761951384949497878551483154
0.0079566666666666674423424865381093695759773254394531250
0.0150774193548387103885888294030337419826537370681762695
0.0160166666666666651641648400072881486266851425170898438
0.0178419354838709673383156939507898641750216484069824219
0.0152935483870967753317060555673378985375165939331054688
0.0146133333333333340769977226614173559937626123428344727
0.0090709677419354844962740003211365547031164169311523438
0.0023566666666666666318796785617450950667262077331542969
-0.0016548387096774193165404920335959104704670608043670654
0.0002000000000000000095843472047718591966258827596902847
0.0025785714285714287676010147976057851337827742099761963
0.0020451612903225808472174040986146792420186102390289307
0.0091733333333333336861992179933622537646442651748657227
0.0139903225806451616403114357467529771383851766586303711
0.0154533333333333345455118390532334160525351762771606445
0.0180064516129032278768384855993645032867789268493652344
0.0173612903225806476659176524890426662750542163848876953
0.0123466666666666672474983457163943967316299676895141602
0.0084000000000000012156942119645464117638766765594482422
0.0021166666666666668697449615876848838524892926216125488
-0.0012645161290322580027040144656780285004060715436935425
-0.0014806451612903227289808061328812982537783682346343994
0.0034428571428571433377108235163177596405148506164550781
0.0048741935483870967721342637446468870621174573898315430
0.0102433333333333334569381634082674281671643257141113281
0.0123870967741935497641314611882989993318915367126464844
0.0144033333333333339598691935634633409790694713592529297
0.0176161290322580654787998355459421873092651367187500000
0.0168645161290322601055358120447635883465409278869628906
0.0153433333333333338233117615345690865069627761840820312
0.0095870967741935493589000572001168620772659778594970703
0.0064099999999999998992472605152670439565554261207580566
0.0000709677419354838752429959214396149036474525928497314
0.0005870967741935484126084010547685920755611732602119446
0.0000714285714285714339304850239997790595225524157285690
0.0059709677419354841715337656182782666292041540145874023
0.0089733333333333331616188388579757884144783020019531250
0.0132258064516129029974944586456331307999789714813232422
0.0170566666666666678919828115112977684475481510162353516
0.0186677419354838725062961657386040315032005310058593750
0.0178354838709677415709009551392227876931428909301757812
0.0144733333333333328424297192782432830426841974258422852
0.0086161290322580644240879621520434739068150520324707031
0.0034900000000000000466293670342565746977925300598144531
-0.0035580645161290324132719042893313599051907658576965332
0.0010354838709677419584381796724414925847668200731277466
0.0016931034482758620159786877579222164058592170476913452
0.0039193548387096779905824917022982845082879066467285156
0.0091599999999999997396527007254007912706583738327026367
0.0106580645161290319539171278506728413049131631851196289
0.0159033333333333352921368231136511894874274730682373047
0.0206870967741935481154502696199415368027985095977783203
0.0183516129032258099029739639718172838911414146423339844
0.0140133333333333325032565852552579599432647228240966797
0.0096290322580645168470958594753028592094779014587402344
0.0065233333333333341080839673509217391256242990493774414
-0.0017967741935483872838669183735760270792525261640548706
-0.0060580645161290320316327395744337991345673799514770508
-0.0101142857142857145458236800550366751849651336669921875
0.0023193548387096776970672795670225241337902843952178955
0.0060766666666666668480956126074943313142284750938415527
0.0142064516129032265834286619110571336932480335235595703
0.0164666666666666676455133000445130164735019207000732422
0.0190258064516129025978141697805767762474715709686279297
0.0183451612903225806661122732066360185854136943817138672
0.0159733333333333324399738728516240371391177177429199219
0.0100000000000000002081668171172168513294309377670288086
0.0046033333333333334089210175932294077938422560691833496
0.0023548387096774194178483430306414447841234505176544189
-0.0005677419354838710019439673715169192291796207427978516
-0.0027035714285714284449424482659196655731648206710815430
0.0055516129032258066874905289012076536891981959342956543
0.0094533333333333344206117487829033052548766136169433594
0.0129709677419354851846122755887336097657680511474609375
0.0191166666666666672236285506869535311125218868255615234
0.0183774193548387095031859672644714009948074817657470703
0.0170580645161290331279779763917758828029036521911621094
0.0145833333333333352993532727737147070001810789108276367
0.0084677419354838700388254935091936204116791486740112305
0.0054933333333333335748993597746903105871751904487609863
-0.0006354838709677418850593766386225524911424145102500916
-0.0006064516129032258232728347380202649219427257776260376
-0.0009285714285714286682013596241347386239795014262199402
0.0005774193548387097614862928374179773527430370450019836
0.0068833333333333333176051738178102823439985513687133789
0.0162483870967741923785343516328794066794216632843017578
0.0183900000000000000965894031423886190168559551239013672
0.0182645161290322585734280380620475625619292259216308594
0.0169161290322580662448537225373002002015709877014160156
0.0107100000000000007693845560652334825135767459869384766
0.0074677419354838708853705497858754824846982955932617188
0.0030466666666666667069585106020213061128742992877960205
-0.0013000000000000001571659469234987227537203580141067505
-0.0003161290322580645006760036164195071251015178859233856
-0.0039413793103448280241707379900617524981498718261718750
0.0008967741935483870916595572353458010184112936258316040
0.0085666666666666668739082979300292208790779113769531250
0.0134838709677419371635309630619303788989782333374023438
0.0152166666666666665352902754193564760498702526092529297
0.0190935483870967766251158792556452681310474872589111328
0.0196193548387096766694170923983620014041662216186523438
0.0177566666666666671259289245199397555552423000335693359
0.0096935483870967745212432475909736240282654762268066406
0.0038700000000000006096512183972890852601267397403717041
-0.0011161290322580647016437183083326090127229690551757812
-0.0044516129032258064043836576217927358811721205711364746
-0.0002071428571428571827929554505232090377830900251865387
0.0045903225806451621385240180472919746534898877143859863
0.0080766666666666677570907140193412487860769033432006836
0.0119645161290322585290191170770413009449839591979980469
0.0144600000000000006306066779870889149606227874755859375
0.0182354838709677426200617134099957183934748172760009766
0.0180806451612903242021079819323858828283846378326416016
0.0141600000000000007110978472724127641413360834121704102
0.0089677419354838704829147033592562365811318159103393555
0.0031166666666666668905616432994065689854323863983154297
-0.0047516129032258063238924883364688867004588246345520020
-0.0013612903225806451644464001304868361330591142177581787
-0.0002000000000000000095843472047718591966258827596902847
0.0056774193548387100194396737151691922917962074279785156
0.0112533333333333339376647330709602101705968379974365234
0.0150483870967741927004990287741748034022748470306396484
0.0165433333333333335013470843932736897841095924377441406
0.0193709677419354846239496481530295568518340587615966797
0.0176645161290322587344103766326952609233558177947998047
0.0163533333333333343040383311972618685103952884674072266
0.0091516129032258065889582354657250107266008853912353516
0.0043466666666666670809648920226209156680852174758911133
0.0045516129032258066666738471894859685562551021575927734
-0.0024387096774193548279208165752152126515284180641174316
0.0006107142857142857208033182025985752261476591229438782
0.0023612903225806451852630818422085212660022079944610596
0.0080400000000000002714495295208507741335779428482055664
0.0117709677419354837718534767532219120766967535018920898
0.0183866666666666692120379877906088950112462043762207031
0.0187032258064516142270772292022229521535336971282958984
0.0177193548387096777574356565310154110193252563476562500
0.0147300000000000017724710588140624167863279581069946289
0.0099645161290322584873857536535979306790977716445922852
0.0045066666666666675006291953309300879482179880142211914
-0.0009677419354838710753227704053358593228040263056755066
0.0004612903225806452432895821136327185740810818970203400
-0.0001206896551724137946811493682375271419005002826452255
0.0062774193548387098584573351445214939303696155548095703
0.0089733333333333331616188388579757884144783020019531250
0.0137032258064516132556320826552109792828559875488281250
0.0167266666666666674601060549321118742227554321289062500
0.0183483870967741935498196426124195568263530731201171875
0.0167677419354838735943147298712574411183595657348632812
0.0139533333333333332132442095030455675441771745681762695
0.0063516129032258070510885694659464206779375672340393066
0.0030000000000000000624500451351650553988292813301086426
0.0000096774193548387104144145251516384576007112627848983
-0.0027935483870967742041357961824132871697656810283660889
0.0011000000000000000662664367823140310065355151891708374
0.0049645161290322583833023450949895050143823027610778809
0.0086900000000000015426548927166550129186362028121948242
0.0157870967741935500083805266058334382250905036926269531
0.0181233333333333315739999136440019356086850166320800781
0.0185774193548387117624898223766649607568979263305664062
0.0180258064516129017096357500804515439085662364959716797
0.0141733333333333329229208885635671322233974933624267578
0.0095709677419354832056397341943920764606446027755737305
0.0035600000000000002302324997316418375703506171703338623
-0.0012387096774193549330450592194097225728910416364669800
0.0005677419354838710019439673715169192291796207427978516
0.0008535714285714286883241519454657009191578254103660583
0.0074225806451612896461056401165023999055847525596618652
0.0054299999999999999308886167170840053586289286613464355
0.0116709677419354843769250251739322266075760126113891602
0.0178400000000000016897594434794882545247673988342285156
0.0184225806451612898750891389454409363679587841033935547
0.0179419354838709667332441455300795496441423892974853516
0.0140566666666666669621710283877291658427566289901733398
0.0098677419354838702414411955032846890389919281005859375
0.0055999999999999999431010699879607273032888770103454590
-0.0025451612903225808576257449544755218084901571273803711
-0.0011935483870967743443014530413393003982491791248321533
0.0000250000000000000011980434005964823995782353449612856
0.0019225806451612903989756286904366788803599774837493896
0.0110833333333333339254522798000834882259368896484375000
0.0119709677419354842964338558886083774268627166748046875
0.0167833333333333341308435393557374482043087482452392578
0.0179096774193548378961704514722441672347486019134521484
0.0182838709677419358756722544967487920075654983520507812
0.0135933333333333340037230030361570243258029222488403320
0.0071903225806451620191750429000876465579494833946228027
0.0052966666666666674043173479446977580664679408073425293
-0.0039290322580645157743428619312453520251438021659851074
-0.0098838709677419363947015185090094746556133031845092773
-0.0050310344827586206059577556004569487413391470909118652
0.0023677419354838709526778206537755977478809654712677002
0.0089966666666666667007135060885048005729913711547851562
0.0122000000000000007743805596760466869454830884933471680
0.0168033333333333333159398392808725475333631038665771484
0.0173290322580645153593970064775930950418114662170410156
0.0158806451612903236358942393735560472123324871063232422
0.0141400000000000015260015473472776648122817277908325195
0.0089516129032258060643778563303385453764349222183227539
0.0044733333333333335016246401494299789192155003547668457
-0.0044129032258064517998952247523902769898995757102966309
-0.0057774193548387102817298632828624249668791890144348145
-0.0005428571428571428870296644575432765122968703508377075
0.0039645161290322583624856633832678198814392089843750000
0.0072533333333333338543980062240734696388244628906250000
0.0104580645161290331640602246920934703666716814041137695
0.0168699999999999995792254736670656711794435977935791016
0.0183774193548387095031859672644714009948074817657470703
0.0166612903225806484319715394804006791673600673675537109
0.0126933333333333342451965108921285718679428100585937500
0.0083709677419354835276044113356874731834977865219116211
0.0008033333333333333081335836389769156085094437003135681
0.0002225806451612903039561502938070702839468140155076981
-0.0096967741935483874049506169967571622692048549652099609
-0.0046107142857142856956498278009348723571747541427612305
0.0022709677419354840077758694860676769167184829711914062
0.0073599999999999993552379784489403391489759087562561035
0.0136870967741935488370952356262932880781590938568115234
0.0160933333333333344894455763096630107611417770385742188
0.0173870967741935507355766077353109722025692462921142578
0.0184677419354838737164392625800246605649590492248535156
0.0173133333333333333525771990935027133673429489135742188
0.0119870967741935487149707029175260686315596103668212891
0.0026700000000000000642541575501809347770176827907562256
0.0000354838709677419376214979607198074518237262964248657
-0.0036774193548387099778063102917258220259100198745727539
0.0026428571428571429741127829515789926517754793167114258
0.0063064516129032258118236597965733380988240242004394531
0.0098600000000000007083222897108498727902770042419433594
0.0125193548387096779961336068254240672104060649871826172
0.0154366666666666679796904304566851351410150527954101562
0.0181838709677419364807438029174591065384447574615478516
0.0193645161290322588565349093414624803699553012847900391
0.0151466666666666676527297497045765339862555265426635742
0.0105548387096774196752813068655996175948530435562133789
0.0028566666666666666422880194176059376331977546215057373
-0.0001580645161290322503380018082097535625507589429616928
0.0024064516129032259908471225173798302421346306800842285
-0.0018758620689655171667742372676457307534292340278625488
0.0011838709677419354763389103268877988739404827356338501
0.0091266666666666666080098835323042294476181268692016602
0.0124580645161290332056935881155368406325578689575195312
0.0153800000000000013089529460330595611594617366790771484
0.0177322580645161292922651341541495639830827713012695312
0.0203258064516129051402248961721852538175880908966064453
0.0137733333333333318737601302927942015230655670166015625
0.0089774193548387108687602875534139457158744335174560547
0.0036833333333333335979364875356623088009655475616455078
-0.0021161290322580647224604000200542941456660628318786621
-0.0061580645161290322939229291421270318096503615379333496
0.0028571428571428575740598354570920491823926568031311035
0.0061322580645161292242639738958587258821353316307067871
0.0092200000000000007643885524544202780816704034805297852
0.0153387096774193539688857512715003394987434148788452148
0.0180933333333333362658024157099134754389524459838867188
0.0192225806451612919734106554869867977686226367950439453
0.0180387096774193532444652277035856968723237514495849609
0.0142433333333333335402048902551541686989367008209228516
0.0093000000000000009742207041085748642217367887496948242
0.0027500000000000002740863092043355209170840680599212646
0.0002903225806451613225968311216007577968412078917026520
-0.0037225806451612907833903509668971310020424425601959229
0.0022714285714285718104088473978663387242704629898071289
0.0054483870967741935414929699277308827731758356094360352
0.0112300000000000003985700658404311980120837688446044922
0.0159064516129032267055531946198243531398475170135498047
0.0168133333333333329084879892434400971978902816772460938
0.0195999999999999993671728759636607719585299491882324219
0.0182677419354838714571354074678311008028686046600341797
0.0152066666666666669427421254567889263853430747985839844
0.0065193548387096770038717785666904092067852616310119629
0.0023899999999999997635224957548416568897664546966552734
-0.0033870967741935482757387188001985123264603316783905029
-0.0073161290322580644837624497256456379545852541923522949
-0.0050214285714285716508142876080000860383734107017517090
0.0040225806451612902692183126873715082183480262756347656
0.0108466666666666676499541921430136426351964473724365234
0.0154064516129032262614639847697617369703948497772216797
0.0179233333333333327841430104854225646704435348510742188
0.0196741935483870991618893242502963403239846229553222656
0.0187645161290322590175172479121101787313818931579589844
0.0174366666666666697560472698569355998188257217407226562
0.0075677419354838711476607393535687151597812771797180176
0.0051799999999999997088440117920526972739025950431823730
0.0009129032258064516186166215128139356238534674048423767
0.0024322580645161294941869467578499097726307809352874756
-0.0000413793103448275865542151097375977997216978110373020
0.0051677419354838717915900936361595086054876446723937988
0.0101333333333333327347380858896030986215919256210327148
0.0153322580645161282014710124599332630168646574020385742
0.0154233333333333322984204372119165782351046800613403320
0.0164548387096774204052529455566400429233908653259277344
0.0172709677419354869221113091271035955287516117095947266
0.0143466666666666672891317091398377669975161552429199219
0.0087032258064516140189104120850061008241027593612670898
0.0031666666666666670217067380832531853229738771915435791
-0.0023612903225806451852630818422085212660022079944610596
-0.0006419354838709677608943326987400723737664520740509033
0.0003785714285714285808580326087025014203391037881374359
0.0023967741935483873397250143000292155193164944648742676
0.0107166666666666677426578146992142137605696916580200195
0.0134838709677419371635309630619303788989782333374023438
0.0150700000000000000621724893790087662637233734130859375
0.0181354838709677432251332618307060329243540763854980469
0.0168161290322580633804783190043963259086012840270996094
0.0156966666666666677942831853442839928902685642242431641
0.0096161290322580653122663818521687062457203865051269531
0.0041400000000000004504729922416572662768885493278503418
0.0018064516129032261518294610880275286035612225532531738
-0.0023548387096774194178483430306414447841234505176544189
0.0015428571428571429078463461692649616452399641275405884
0.0061967741935483877657730999999330379068851470947265625
0.0088866666666666659785134285698404710274189710617065430
0.0152032258064516128531762362285917333792895078659057617
0.0190166666666666678287000991076638456434011459350585938
0.0201612903225806480711490564772248035296797752380371094
0.0184354838709677414099186165685750893317162990570068359
0.0142500000000000005134781488891348999459296464920043945
0.0072645161290322583444445392331090260995551943778991699
0.0034233333333333337833437326480634510517120361328125000
-0.0018129032258064517024037654024937182839494198560714722
-0.0000967741935483871075322770405335859322804026305675507
0.0015392857142857143890046778267333138501271605491638184
0.0036451612903225811407326162338904396165162324905395508
0.0085233333333333341497173307743651093915104866027832031
0.0128903225806451613572045644673380593303591012954711914
0.0165066666666666660157058998947832151316106319427490234
0.0183096774193548389453312097430170979350805282592773438
0.0184451612903225800610407247859257040545344352722167969
0.0152733333333333332060277598429820500314235687255859375
0.0077322580645161299514600550253362598596140742301940918
0.0061300000000000000321964677141295396722853183746337891
0.0008193548387096774490018225023391096328850835561752319
-0.0007096774193548387524299592143961490364745259284973145
-0.0002000000000000000095843472047718591966258827596902847
0.0019161290322580644147204553817687155969906598329544067
0.0112266666666666677792951745118443795945495367050170898
0.0127580645161290331252024188302129914518445730209350586
0.0167433333333333357606509395054672495462000370025634766
0.0195999999999999993671728759636607719585299491882324219
0.0191870967741935502526295920233678771182894706726074219
0.0115333333333333329373537878836941672489047050476074219
0.0077774193548387103233632267063057952327653765678405762
0.0022066666666666666721252632044070196570828557014465332
-0.0013290322580645163273727060726514537236653268337249756
-0.0015225806451612904340170429051681821874808520078659058
-0.0006285714285714286402723116609081444039475172758102417
0.0052806451612903227213480228385833470383659005165100098
0.0097033333333333329079328777311275189276784658432006836
0.0127935483870967748459834822938319121021777391433715820
0.0166500000000000016042722705833512009121477603912353516
0.0187677419354838719012246173178937169723212718963623047
0.0167967741935483895476810545233092852868139743804931641
0.0143033333333333345649407419841736555099487304687500000
0.0105903225806451613960623703292185382451862096786499023
0.0023333333333333335264658803254178565111942589282989502
-0.0002903225806451613225968311216007577968412078917026520
-0.0049258064516129037788139122255870461231097579002380371
-0.0053178571428571432683218844772454758640378713607788086
0.0048258064516129035165237226578938134480267763137817383
0.0065933333333333338580062310541052283952012658119201660
0.0118548387096774204829685572804010007530450820922851562
0.0171433333333333333403647458226259914226830005645751953
0.0155806451612903237163854086588798963930457830429077148
0.0170709677419354846628074540149100357666611671447753906
0.0147766666666666688506603932751204411033540964126586914
0.0087354838709677428559841061428414832334965467453002930
0.0023466666666666666056506596049757717992179095745086670
0.0023096774193548390459451713496719094109721481800079346
-0.0028806451612903224979156391327705932781100273132324219
-0.0013107142857142859305313864481945529405493289232254028
0.0016322580645161293474293406902120295853819698095321655
0.0073700000000000006825096043883149832254275679588317871
0.0117645161290322580044387379416548355948179960250854492
0.0157233333333333322179292679265927290543913841247558594
0.0178774193548387125285437093680229736492037773132324219
0.0170516129032258073605632375802088063210248947143554688
0.0135500000000000012795320358804929128382354974746704102
0.0079516129032258069109229126070204074494540691375732422
0.0027866666666666668923657557144224483636207878589630127
0.0023870967741935486886029060826786007964983582496643066
-0.0009000000000000000837871438896797826600959524512290955
-0.0088931034482758620357545353840578172821551561355590820
0.0022000000000000001325328735646280620130710303783416748
0.0075000000000000005898059818321144121000543236732482910
0.0135419354838709673355401363892269728239625692367553711
0.0143966666666666669865959349294826097320765256881713867
0.0179193548387096765472925596895947819575667381286621094
0.0166258064516129032417435240631675696931779384613037109
0.0148866666666666678381369948169776762370020151138305664
0.0080387096774193547710218865631759399548172950744628906
0.0015533333333333334321663121713186228589620441198348999
-0.0001774193548387096881074898035990372591186314821243286
-0.0021258064516129033735825082374049088684841990470886230
0.0028285714285714285559647507284353196155279874801635742
0.0067322580645161299306433733136145747266709804534912109
0.0082333333333333338227566500222565082367509603500366211
0.0104161290322580639411409464401003788225352764129638672
0.0181233333333333315739999136440019356086850166320800781
0.0182548387096774199223059298446969478391110897064208984
0.0161903225806451639412486542823899071663618087768554688
0.0128366666666666680990394056038894632365554571151733398
0.0079935483870967743991187148822064045816659927368164062
0.0037333333333333337290815823195089251385070383548736572
0.0003677419354838709652545658546074491823674179613590240
-0.0019129032258064517478535204730860641575418412685394287
0.0011142857142857143584735446495415089884772896766662598
-0.0005193548387096774210727745391125154128530994057655334
0.0066866666666666662796614239994141826173290610313415527
0.0160161290322580647516037544164646533317863941192626953
0.0156166666666666658497275577133223123382776975631713867
0.0187193548387096786456140762311406433582305908203125000
0.0176903225806451618040693318789635668508708477020263672
0.0147366666666666687457443174480431480333209037780761719
0.0088354838709677422509125577221311687026172876358032227
0.0047033333333333336712112071609226404689252376556396484
0.0003096774193548387332612648048524306432227604091167450
-0.0015032258064516131317728264704669527418445795774459839
-0.0018571428571428573364027192482694772479590028524398804
0.0058806451612903225603656842679356486769393086433410645
0.0099400000000000009181544413650044589303433895111083984
0.0133903225806451618012937743174006754998117685317993164
0.0161766666666666690532760952692115097306668758392333984
0.0191322580645161277601573601714335381984710693359375000
0.0175354838709677433861156004013537312857806682586669922
0.0132366666666666674134766878978552995249629020690917969
0.0082354838709677424118948962927788670640438795089721680
0.0032566666666666672577679086941770947305485606193542480
0.0015387096774193548525538899340858733921777456998825073
-0.0026838709677419357244043673915712133748456835746765137
-0.0006724137931034483272457746849681825551670044660568237
0.0045322580645161293644296307547847391106188297271728516
0.0088266666666666666885010528176280786283314228057861328
0.0137193548387096776741689296841286704875528812408447266
0.0165500000000000022093438190040615154430270195007324219
0.0165709677419354842187182441648474195972084999084472656
0.0167935483870967766639736851175257470458745956420898438
0.0133366666666666685431286154539520794060081243515014648
0.0092677419354838704024235340739323874004185199737548828
0.0050333333333333341030879637401085346937179565429687500
0.0001967741935483870987719234868507101055001839995384216
-0.0031419354838709678129360369780442852061241865158081055
0.0027000000000000001429412144204889045795425772666931152
0.0067258064516129041632286345020474982447922229766845703
0.0122933333333333349307592285981627355795353651046752930
0.0118032258064516126089271708110572944860905408859252930
0.0178266666666666677432129262115267920307815074920654297
0.0169225806451612920122684613488672766834497451782226562
0.0176516129032258071995808990095611079595983028411865234
0.0164499999999999993449684154711576411500573158264160156
0.0097774193548387112323583281181527127046138048171997070
0.0031766666666666666142548880458207349875010550022125244
-0.0026580645161290326547454121453029074473306536674499512
-0.0011161290322580647016437183083326090127229690551757812
0.0002714285714285714435148322287716382561484351754188538
0.0008193548387096774490018225023391096328850835561752319
0.0096466666666666679719188692843090393580496311187744141
0.0112903225806451623647319593146676197648048400878906250
0.0149800000000000019945156637390937248710542917251586914
0.0166774193548387128505083865093183703720569610595703125
0.0184838709677419381349761096089423517696559429168701172
0.0133766666666666686480446912810293724760413169860839844
0.0082709677419354841326759597563977877143770456314086914
0.0029233333333333337729353917922026084852404892444610596
-0.0061193548387096776894344962727245729183778166770935059
-0.0073774193548387110089259444123399589443579316139221191
-0.0062750000000000001956768080901838402496650815010070801
0.0019548387096774192360493227482720612897537648677825928
0.0102199999999999999178434961777384160086512565612792969
0.0126645161290322577629652300856832880526781082153320312
0.0170499999999999991839860769005099427886307239532470703
0.0188451612903225811102014830566986347548663616180419922
0.0172903225806451607549085736081906361505389213562011719
0.0149566666666666667206975205317576183006167411804199219
0.0083870967741935496808647343414122588001191616058349609
0.0066866666666666662796614239994141826173290610313415527
-0.0044645161290322588065748732333304360508918762207031250
-0.0059903225806451614737779820529794960748404264450073242
-0.0006379310344827586638782879191467145574279129505157471
0.0002806451612903226172646142799749213736504316329956055
0.0096033333333333335130044261518378334585577249526977539
0.0136322580645161280793464797511660435702651739120483398
0.0173433333333333355996686009348195511847734451293945312
0.0185516129032258086928308671303966548293828964233398438
0.0165451612903225811490592889185791136696934700012207031
0.0140366666666666677770747284625940665137022733688354492
0.0075129032258064512572737214668450178578495979309082031
0.0055066666666666675214458770426517730811610817909240723
-0.0019387096774193548175124757193543700850568711757659912
0.0000838709677419354913876364809866004179639276117086411
-0.0036571428571428570702961380334272689651697874069213867
0.0022322580645161294032874366166652180254459381103515625
0.0080166666666666667323548622903217619750648736953735352
0.0119580645161290327616043782654742244631052017211914062
0.0171100000000000002087219286295294295996427536010742188
0.0173193548387096767082748982602424803189933300018310547
0.0162967741935483891035918446732466691173613071441650391
0.0138666666666666660301387992149102501571178436279296875
0.0083161290322580645045791314373673230875283479690551758
0.0014800000000000001956074191511447679658886045217514038
0.0025483870967741937413331143602590600494295358657836914
-0.0046903225806451615334524696265816601226106286048889160
0.0053500000000000005884182030513329664245247840881347656
0.0038290322580645163794144103519556665560230612754821777
0.0107100000000000007693845560652334825135767459869384766
0.0132935483870967752900726921438945282716304063796997070
0.0174366666666666697560472698569355998188257217407226562
0.0172000000000000000111022302462515654042363166809082031
0.0164774193548387105912045313971248106099665164947509766
0.0146400000000000019700907571973402809817343950271606445
0.0120677419354838708076549380621145246550440788269042969
0.0018866666666666667001583945761922223027795553207397461
0.0008225806451612904411294091566730912745697423815727234
-0.0010032258064516131213644856146061101753730326890945435
0.0020500000000000001727784582072899866034276783466339111
0.0053193548387096781931981936963893531356006860733032227
0.0081033333333333339154602725784570793621242046356201172
0.0131129032258064520677365294432092923671007156372070312
0.0161233333333333332670900261973656597547233104705810547
0.0196774193548387120455966936560798785649240016937255859
0.0177258064516129035248503953425824875012040138244628906
0.0145000000000000007355227538141662080306559801101684570
0.0104161290322580639411409464401003788225352764129638672
0.0027000000000000001429412144204889045795425772666931152
-0.0001838709677419354826272829273037245911837089806795120
-0.0019483870967741936854750184338058716093655675649642944
0.0015482758620689654732033302408922281756531447172164917
0.0051870967741935482264725720824571908451616764068603516
0.0102066666666666659712969789097769535146653652191162109
0.0131645161290322599417779159125529986340552568435668945
0.0171933333333333347725524475890779285691678524017333984
0.0173516129032258090147955442716920515522360801696777344
0.0167290322580645155203793450482407934032380580902099609
0.0139200000000000000816013923099490057211369276046752930
0.0095903225806451622426074266059004003182053565979003906
0.0034500000000000003753941602013810552307404577732086182
-0.0030967741935483874410328652970747498329728841781616211
-0.0012806451612903226380812959916966065065935254096984863
-0.0012821428571428571292767362166387101751752197742462158
0.0025806451612903225784068084180944424588233232498168945
0.0088200000000000014499512701604544417932629585266113281
0.0149774193548387109936603778237440565135329961776733398
0.0153600000000000003891331701311173674184828996658325195
0.0188967741935483872495193935492352466098964214324951172
0.0170161290322580656397821741165898856706917285919189453
0.0147400000000000013650192087766299664508551359176635742
0.0096774193548387101027064005620559328235685825347900391
0.0049100000000000003017031069418862898601219058036804199
-0.0046516129032258069289640367571792012313380837440490723
-0.0027161290322580645614780614494065957842394709587097168
-0.0000214285714285714281462664337896129040927917230874300
0.0026774193548387095233087595858023632899858057498931885
0.0072666666666666678009445234920349321328103542327880859
0.0117516129032258064696092603185206826310604810714721680
0.0176366666666666685459041730155149707570672035217285156
0.0179516129032258088538132057010443531908094882965087891
0.0178774193548387125285437093680229736492037773132324219
0.0143099999999999998034905246413472923450171947479248047
0.0090838709677419360311034779442707076668739318847656250
0.0057366666666666668236707060657408874249085783958435059
-0.0007064516129032258687225898086126107955351471900939941
-0.0033032258064516128656662452556247444590553641319274902
0.0004535714285714285607352402873715391251607798039913177
0.0013709677419354838155685083478374508558772504329681396
0.0099199999999999999983346654630622651893645524978637695
0.0149903225806451625284898554468782094772905111312866211
0.0153166666666666659302187269986461615189909934997558594
0.0190032258064516124118625839400920085608959197998046875
0.0195354838709677416930254878479900071397423744201660156
0.0127133333333333351650162867940707656089216470718383789
0.0089483870967741931806704869245550071354955434799194336
0.0037000000000000001637578961322105897124856710433959961
0.0023419354838709678830188654075072918203659355640411377
-0.0029483870967741939231321346426284435437992215156555176
0.0012896551724137931063673967457816615933552384376525879
0.0066354838709677425520605531517048802925273776054382324
0.0084099999999999990735188859503068670164793729782104492
0.0129064516129032257757414114962557505350559949874877930
0.0163300000000000007649436639667328563518822193145751953
0.0182483870967741941548911910331298713572323322296142578
0.0173483870967741926616412229122943244874477386474609375
0.0122166666666666673402019682725949678570032119750976562
0.0064354838709677428948419120047219621483236551284790039
0.0030933333333333333514669760688775568269193172454833984
-0.0017612903225806453462454204128562196274287998676300049
-0.0014645161290322580936035246068627202475909143686294556
0.0006357142857142856779556483459714399941731244325637817
0.0038935483870967744872426674618282049777917563915252686
0.0066066666666666669371910103336631436832249164581298828
0.0142774193548387117597142648151020694058388471603393555
0.0169266666666666697194099100443054339848458766937255859
0.0183483870967741935498196426124195568263530731201171875
0.0186709677419354853900035351443875697441399097442626953
0.0159933333333333350945171247303733252920210361480712891
0.0074645161290322580016631803800919442437589168548583984
0.0023366666666666670131025096424082221346907317638397217
-0.0009451612903225806725307500677502048347378149628639221
0.0016483870967741937659661877191297207900788635015487671
0.0029642857142857144403524927156468038447201251983642578
0.0073516129032258070719052511776681058108806610107421875
0.0087733333333333343717619356993964174762368202209472656
0.0122451612903225811462837313570162223186343908309936523
0.0148699999999999995375921102436223009135574102401733398
0.0173290322580645153593970064775930950418114662170410156
0.0192935483870967754149727824142246390692889690399169922
0.0142900000000000006183942247162121930159628391265869141
0.0057032258064516130890986289614374982193112373352050781
0.0029266666666666668258911521149912005057558417320251465
0.0038161290322580648445849327288215135922655463218688965
0.0022096774193548387836549817819786767358891665935516357
0.0005571428571428571792367723247707544942386448383331299
0.0045709677419354839689180636241871980018913745880126953
0.0079633333333333344156157451720901008229702711105346680
0.0141161290322580641048988425723109685350209474563598633
0.0154033333333333331133241372867814789060503244400024414
0.0184967741935483896698055872320765047334134578704833984
0.0180774193548387113184006125266023445874452590942382812
0.0166833333333333347359150877764477627351880073547363281
0.0080548387096774191895587335920936311595141887664794922
0.0024366666666666668417118302158996812067925930023193359
-0.0008161290322580646737146703451060147926909849047660828
0.0015516129032258063873833675572200263559352606534957886
0.0007103448275862069352659666776617086725309491157531738
0.0022161290322580645510697205935457532177679240703582764
0.0086233333333333335446457823536547948606312274932861328
0.0138903225806451622453829841674632916692644357681274414
0.0177400000000000022948309919001985690556466579437255859
0.0195387096774193545767328572537735453806817531585693359
0.0159806451612903230308226909528457326814532279968261719
0.0128000000000000006133982211053989885840564966201782227
0.0099000000000000008132383655379271658603101968765258789
0.0044600000000000004224398608698720636311918497085571289
-0.0020645161290322581494616205333159086876548826694488525
-0.0009225806451612904865791642272654371481621637940406799
0.0029785714285714285157191660857733950251713395118713379
0.0075129032258064512572737214668450178578495979309082031
0.0075000000000000005898059818321144121000543236732482910
0.0135451612903225802192475057950105110649019479751586914
0.0175633333333333335746218040185340214520692825317382812
0.0185258064516129021537249599305141600780189037322998047
0.0173096774193548380571527900428918655961751937866210938
0.0132366666666666674134766878978552995249629020690917969
0.0101741935483870959283647650295279163401573896408081055
0.0050533333333333332881842636652436340227723121643066406
-0.0005774193548387097614862928374179773527430370450019836
-0.0003258064516129032602183290823205652486649341881275177
-0.0020642857142857142481451315774165777838788926601409912
0.0049677419354838712670097145007730432553216814994812012
0.0081533333333333336129244983681019220966845750808715820
0.0124741935483870958895069591676474374253302812576293945
0.0157900000000000019506618542664000415243208408355712891
0.0169612903225806466167568942182697355747222900390625000
0.0162806451612903246850549976443289779126644134521484375
0.0141133333333333336329085128113547398243099451065063477
0.0090258064516129041243708286401670193299651145935058594
0.0014466666666666668471241674609473193413577973842620850
-0.0000645161290322580671706756416661221464892150834202766
-0.0048677419354838710047195249330798105802386999130249023
0.0001714285714285714251701314703169032327423337846994400
0.0053548387096774190466175191716047265799716114997863770
0.0072300000000000003153033389935444574803113937377929688
0.0139903225806451616403114357467529771383851766586303711
0.0180699999999999992572607965257702744565904140472412109
0.0169935483870967754538305882761051179841160774230957031
0.0165967741935483872883771994111157255247235298156738281
0.0139933333333333350528837613069299550261348485946655273
0.0081870967741935491562843552060257934499531984329223633
0.0034933333333333330995851273570451667183078825473785400
0.0037387096774193552019271979958148222067393362522125244
-0.0030225806451612906820824999698515966883860528469085693
0.0025172413793103447753052304136645034304820001125335693
0.0039129032258064522231677528907312080264091491699218750
0.0057533333333333333894921146622891683364287018775939941
0.0110193548387096766638659772752362187020480632781982422
0.0160933333333333344894455763096630107611417770385742188
0.0165612903225806455675961359474968048743903636932373047
0.0181838709677419364807438029174591065384447574615478516
0.0143666666666666664742280090649728663265705108642578125
0.0081451612903225816680885529308397963177412748336791992
0.0018699999999999999174965514825430545897688716650009155
-0.0008290322580645162085441479682401677564484998583793640
-0.0037258064516129032334168513784788956400007009506225586
-0.0002857142857142857357219400959991162380902096629142761
0.0081129032258064510962913828961973194964230060577392578
0.0089266666666666678181529803737248585093766450881958008
0.0139612903225806474216685870715082273818552494049072266
0.0168233333333333325010361392060076468624174594879150391
0.0175322580645161305024082309955701930448412895202636719
0.0181451612903225818762553700480566476471722126007080078
0.0145466666666666678137120882752242323476821184158325195
0.0094774193548387113128494974034765618853271007537841797
0.0042433333333333333320380731379373173695057630538940430
-0.0014645161290322580936035246068627202475909143686294556
-0.0041645161290322588870660425186542852316051721572875977
-0.0015642857142857142377367907215557352174073457717895508
0.0048032258064516133305721368174090457614511251449584961
0.0071666666666666675386543339243416994577273726463317871
0.0142548387096774215737626789746173017192631959915161133
0.0172466666666666670892915647073095897212624549865722656
0.0196580645161290347433524772213786491192877292633056641
0.0185903225806451632973192999997991137206554412841796875
0.0165766666666666701024368535399844404309988021850585938
0.0096709677419354843352916617504888563416898250579833984
0.0038799999999999997685184993656548613216727972030639648
0.0015612903225806452553459102716715278802439570426940918
0.0035612903225806448632984047009131245431490242481231689
-0.0024642857142857144299441518597859612782485783100128174
0.0052870967741935484887627616501504235202446579933166504
0.0100633333333333338521775601748231565579771995544433594
0.0137741935483870984319176855592559149954468011856079102
0.0167566666666666662377505048198145232163369655609130859
0.0214774193548387115626496779441367834806442260742187500
0.0187451612903225817152730314774089492857456207275390625
0.0144433333333333340647852693905406340491026639938354492
0.0095129032258064512989070848902883881237357854843139648
0.0013133333333333334531911607001575248432345688343048096
-0.0013612903225806451644464001304868361330591142177581787
-0.0005612903225806452345292285599498427473008632659912109
-0.0008724137931034483097250675776024309016065672039985657
0.0027096774193548387940633226378395193023607134819030762
0.0075166666666666671556273904286626930115744471549987793
0.0123709677419354836108711381825742137152701616287231445
0.0155699999999999987715382232522642880212515592575073242
0.0167774193548387122454368380886080558411777019500732422
0.0175967741935483881765556191112409578636288642883300781
0.0131066666666666675061803104540558706503361463546752930
0.0098129032258064512184159156049645389430224895477294922
0.0043466666666666670809648920226209156680852174758911133
-0.0003838709677419354922116301320755837878095917403697968
-0.0066935483870967744587932024558085686294361948966979980
-0.0037999999999999999923672167057020487845875322818756104
0.0032258064516129032230085105226180530735291540622711182
0.0085533333333333329273617806620677583850920200347900391
0.0148451612903225792922112802330047998111695051193237305
0.0150366666666666686652531481627192988526076078414916992
0.0188580645161290326450309606798327877186238765716552734
0.0180548387096774211324490266861175769008696079254150391
0.0148766666666666682455888448544101265724748373031616211
0.0083774193548387110297426261240616440773010253906250000
0.0013333333333333335056491986136961713782511651515960693
0.0022096774193548387836549817819786767358891665935516357
0.0000193548387096774208288290503032769152014225255697966
-0.0060035714285714284269013241157608717912808060646057129
0.0034709677419354841194920613389740537968464195728302002
0.0092433333333333343034832196849492902401834726333618164
0.0152709677419354851457544697268531308509409427642822266
0.0165133333333333347237026345055710407905280590057373047
0.0180548387096774211324490266861175769008696079254150391
0.0184225806451612898750891389454409363679587841033935547
0.0140733333333333335279924369842774467542767524719238281
0.0100032258064516130918741865230003895703703165054321289
0.0037100000000000001899869150889799129799939692020416260
0.0002612903225806451523900719724480268268962390720844269
-0.0052967741935483871398848698675010382430627942085266113
-0.0003750000000000000078062556418956319248536601662635803
-0.0010677419354838710123523082273777617956511676311492920
0.0100766666666666677987240774427846190519630908966064453
0.0115161290322580642242478177195152966305613517761230469
0.0165900000000000005795364188543317141011357307434082031
0.0192096774193548404385811778638526448048651218414306641
0.0172516129032258096198670926924023660831153392791748047
0.0172800000000000036903813338540203403681516647338867188
0.0104096774193548381737262076285333023406565189361572266
0.0044533333333333334491666022358913323841989040374755859
0.0021935483870967739314372657588592119282111525535583496
0.0017806451612903224316492023504565622715745121240615845
0.0017517241379310345087555456089489780424628406763076782
0.0031483870967741935803507757896113616880029439926147461
0.0099733333333333340497972585581010207533836364746093750
0.0152129032258064515042983444459423481021076440811157227
0.0170966666666666662621754113615679671056568622589111328
0.0196483870967741926227834170504138455726206302642822266
0.0190645161290322606717495546035934239625930786132812500
0.0146500000000000015626389071599078306462615728378295898
0.0104387096774193558618160082573922409210354089736938477
0.0013733333333333333937248399436725776467937976121902466
0.0024935483870967742846269654677371363504789769649505615
0.0007580645161290323333011520468005528528010472655296326
0.0034714285714285714884441702565709420014172792434692383
0.0086516129032258061448690256156623945571482181549072266
0.0096533333333333332104686519414826761931180953979492188
0.0143870967741935498057648246117423695977777242660522461
0.0156933333333333334402848180388900800608098506927490234
0.0191774193548387116015074838060172623954713344573974609
0.0189774193548387128116505806474378914572298526763916016
0.0149233333333333335890547033386610564775764942169189453
0.0103129032258064516625051254550271551124751567840576172
0.0011166666666666666320878453788623119180556386709213257
0.0004580645161290323053721040835739586327690631151199341
-0.0007580645161290323333011520468005528528010472655296326
0.0051392857142857151578341223796542180934920907020568848
0.0088354838709677422509125577221311687026172876358032227
0.0085233333333333341497173307743651093915104866027832031
0.0154612903225806470192127406448889814782887697219848633
0.0168733333333333339332238409724595840089023113250732422
0.0185225806451612892700175905247306218370795249938964844
0.0196870967741935506967188018734304932877421379089355469
0.0132766666666666692531162397017396870069205760955810547
0.0098129032258064512184159156049645389430224895477294922
0.0043233333333333335418702247920919035095721483230590820
-0.0004225806451612903135404974985789294805726967751979828
0.0003935483870967741975438469737014202110003679990768433
-0.0028571428571428575740598354570920491823926568031311035
0.0071870967741935491354676734943041083170101046562194824
0.0087600000000000004252154184314349549822509288787841797
0.0107032258064516140605437755084494710899889469146728516
0.0161466666666666668061846934278946719132363796234130859
0.0199258064516129040910641379014123231172561645507812500
0.0192709677419354852290211965737398713827133178710937500
0.0161433333333333359216332780761149479076266288757324219
0.0082129032258064522259433104522940993774682283401489258
0.0031900000000000001271205363195804238785058259963989258
-0.0023903225806451611386294064942603654344566166400909424
0.0004387096774193548404975617760470640860148705542087555
0.0028517241379310345750219823912630090489983558654785156
0.0057548387096774192284165394539741100743412971496582031
0.0094099999999999999616973056504320993553847074508666992
0.0156290322580645152372724737688258755952119827270507812
0.0179833333333333338088788622144420514814555644989013672
0.0206451612903225806272544673447555396705865859985351562
0.0228677419354838713794197957440701429732143878936767578
