0.3523333333333333317050062305497704073786735534667968750
0.4435483870967741881763402034266619011759757995605468750
0.3510000000000000341948691584548214450478553771972656250
0.3635483870967741726332178586744703352451324462890625000
0.4277419354838709608657154603861272335052490234375000000
0.3782142857142857250707379535015206784009933471679687500
0.3664516129032258651143649785808520391583442687988281250
0.3666666666666666407614627587463473901152610778808593750
0.3548387096774193727455326552444603294134140014648437500
0.3573333333333333361458983290503965690732002258300781250
0.3735483870967741815150020556757226586341857910156250000
0.2487096774193548465170522376865847036242485046386718750
0.3150000000000000022204460492503130808472633361816406250
0.3241935483870967971142817987129092216491699218750000000
0.3456666666666667331320184075593715533614158630371093750
0.3851612903225806738838343790121143683791160583496093750
0.3835483870967741903967862526769749820232391357421875000
0.3682142857142857161889537565002683550119400024414062500
0.4654838709677419084087546252703759819269180297851562500
0.3679999999999999937827510620991233736276626586914062500
0.3670967741935484141002632441086461767554283142089843750
0.3620000000000000439648317751561990007758140563964843750
0.2977419354838709564248233618855010718107223510742187500
0.3196774193548387321683890149870421737432479858398437500
0.2810000000000000275335310107038822025060653686523437500
0.3093548387096773932825044539640657603740692138671875000
0.3833333333333333592385372412536526098847389221191406250
0.3532258064516128892584845289093209430575370788574218750
0.3967741935483871107415154710906790569424629211425781250
0.3757142857142857228502919042512075975537300109863281250
0.4664516129032258429099044860777212306857109069824218750
0.4653333333333333210468651941482676193118095397949218750
0.3238709677419355226213326659490121528506278991699218750
0.3123333333333333516890206738025881350040435791015625000
0.2829032258064516081041972483944846317172050476074218750
0.3596774193548387121843745717342244461178779602050781250
0.3286666666666666625218340413994155824184417724609375000
0.2470967741935483907855797269803588278591632843017578125
0.4256666666666666931639895210537360981106758117675781250
0.3845161290322580693867848822264932096004486083984375000
0.4580645161290322620040171841537812724709510803222656250
0.3375862068965517770458006907574599608778953552246093750
0.3832258064516129159038371199130779132246971130371093750
0.3186666666666666536400498443981632590293884277343750000
0.3548387096774193727455326552444603294134140014648437500
0.2816666666666666762885995467513566836714744567871093750
0.3258064516129032250901786937902215868234634399414062500
0.3067741935483870863166089293372351676225662231445312500
0.3923333333333333672321430185547797009348869323730468750
0.3387096774193548154308075481822015717625617980957031250
0.3313333333333333130532594168471405282616615295410156250
0.3712903225806452045532068950706161558628082275390625000
0.2738709677419354782124116809427505359053611755371093750
0.3057142857142857161889537565002683550119400024414062500
0.4041935483870968126574041434651007875800132751464843750
0.4226666666666666904994542619533604010939598083496093750
0.3716129032258064790461560278345132246613502502441406250
0.3453333333333333254877572926488937810063362121582031250
0.3703225806451612700520570342632709071040153503417968750
0.2735483870967742037194625481788534671068191528320312500
0.2889999999999999791278071370470570400357246398925781250
0.3883870967741935298356281691667390987277030944824218750
0.2673333333333333672321430185547797009348869323730468750
0.4141935483870968215391883404663531109690666198730468750
0.3435483870967741548696494646719656884670257568359375000
0.3046428571428571596690915157523704692721366882324218750
0.4603225806451612944769635760167147964239120483398437500
0.3729999999999999982236431605997495353221893310546875000
0.2993548387096773844007202569628134369850158691406250000
0.2813333333333333241554896630987059324979782104492187500
0.2767741935483871151824075695913052186369895935058593750
0.2812903225806451801283003533171722665429115295410156250
0.3733333333333333503567530442524002864956855773925781250
0.3770967741935484229820474411098985001444816589355468750
0.3686666666666666980489708294044248759746551513671875000
0.3670967741935484141002632441086461767554283142089843750
0.3132258064516129092424989721621386706829071044921875000
0.5003571428571428336695703364966902881860733032226562500
0.3393548387096774199278570449678227305412292480468750000
0.3353333333333333166059730956476414576172828674316406250
0.3616129032258064701643718308332609012722969055175781250
0.3136666666666667047103089771553641185164451599121093750
0.3445161290322580893707993254793109372258186340332031250
0.2629032258064515903406288543919799849390983581542968750
0.3163333333333333552417343526030890643596649169921875000
0.3716129032258064790461560278345132246613502502441406250
0.3246666666666667144802715938567416742444038391113281250
0.3719354838709677535391051605984102934598922729492187500
0.3958064516129032317515168415411608293652534484863281250
0.4258620689655172597554155800025910139083862304687500000
0.4735483870967741593105415631725918501615524291992187500
0.3636666666666666936080787309037987142801284790039062500
0.2845161290322580915912453747296240180730819702148437500
0.2930000000000000381916720471053849905729293823242187500
0.3680645161290322375791106424003373831510543823242187500
0.2664516129032258318076742398261558264493942260742187500
0.3210000000000000075495165674510644748806953430175781250
0.2816129032258064546212494860810693353414535522460937500
0.2773333333333333761139272155560320243239402770996093750
0.3058064516129032628377615310455439612269401550292968750
0.3087096774193548442966061884362716227769851684570312500
0.3432142857142856939844932639971375465393066406250000000
0.3732258064516129070220529229118255898356437683105468750
0.3226666666666666571927635231986641883850097656250000000
0.3483870967741935498196426124195568263530731201171875000
0.3256666666666667153684500135568669065833091735839843750
0.3203225806451612811542872805148363113403320312500000000
0.2912903225806451890100845503184245899319648742675781250
0.3653333333333333432513256866513984277844429016113281250
0.2664516129032258318076742398261558264493942260742187500
0.3436666666666666758445103369012940675020217895507812500
0.4299999999999999933386618522490607574582099914550781250
0.3200000000000000066613381477509392425417900085449218750
0.5185714285714285720629845855000894516706466674804687500
0.3609677419354838656673223340476397424936294555664062500
0.4120000000000000328626015289046335965394973754882812500
0.3087096774193548442966061884362716227769851684570312500
0.2939999999999999835686992355476832017302513122558593750
0.3335483870967741459878652676707133650779724121093750000
0.3012903225806451423807175160618498921394348144531250000
0.2833333333333333259318465024989563971757888793945312500
0.3554838709677419217314309207722544670104980468750000000
0.3093333333333333490244854147022124379873275756835937500
0.3393548387096774199278570449678227305412292480468750000
0.4016129032258065056915086188382701948285102844238281250
0.3535714285714285365358477974950801581144332885742187500
0.3238709677419355226213326659490121528506278991699218750
0.3920000000000000150990331349021289497613906860351562500
0.3141935483870967882324976017116568982601165771484375000
0.2860000000000000319744231092045083642005920410156250000
0.3022580645161290213707161456113681197166442871093750000
0.2422580645161290513467378104905947111546993255615234375
0.2723333333333333716730351170554058626294136047363281250
0.3922580645161290457956226873648120090365409851074218750
0.3653333333333333432513256866513984277844429016113281250
0.3406451612903225734108048072812380269169807434082031250
0.3409677419354838479037539400451350957155227661132812500
0.4620689655172413590200619637471390888094902038574218750
0.3903225806451612878156254282657755538821220397949218750
0.3460000000000000297539770599541952833533287048339843750
0.2893548387096774310300872912193881347775459289550781250
0.2926666666666666860585621634527342393994331359863281250
0.3151612903225806672224962312611751258373260498046875000
0.3177419354838709741883917558880057185888290405273437500
0.3453333333333333254877572926488937810063362121582031250
0.3012903225806451423807175160618498921394348144531250000
0.4249999999999999888977697537484345957636833190917968750
0.3077419354838709653066075588867533951997756958007812500
0.4561290322580645040240199250547448173165321350097656250
0.3389285714285714679050443010055460035800933837890625000
0.3967741935483871107415154710906790569424629211425781250
0.3116666666666667029339521377551136538386344909667968750
0.3329032258064515970019670021429192274808883666992187500
0.3190000000000000057731597280508140102028846740722656250
0.2658064516129032273106247430405346676707267761230468750
0.3377419354838709919519601498905103653669357299804687500
0.2553333333333333565740019821532769128680229187011718750
0.3429032258064516058837511991441715508699417114257812500
0.2796666666666666745122427073511062189936637878417968750
0.3929032258064515947815209528926061466336250305175781250
0.3477419354838709453225931156339356675744056701660156250
0.3614285714285714878890587442583637312054634094238281250
0.3177419354838709741883917558880057185888290405273437500
0.3206666666666667109275579150562407448887825012207031250
0.4054838709677419106292006745206890627741813659667968750
0.2943333333333333357018091192003339529037475585937500000
0.2703225806451612922565175267664017155766487121582031250
0.3596774193548387121843745717342244461178779602050781250
0.3346666666666666678509045596001669764518737792968750000
0.3151612903225806672224962312611751258373260498046875000
0.3620000000000000439648317751561990007758140563964843750
0.2619354838709677668617814561002887785434722900390625000
0.5051612903225806139317910492536611855030059814453125000
0.3971428571428571863144441067561274394392967224121093750
0.4145161290322580960321374732302501797676086425781250000
0.3816666666666666540841390542482258751988410949707031250
0.4106451612903225800721429550321772694587707519531250000
0.3223333333333333605708048708038404583930969238281250000
0.3590322580645161631984763062064303085207939147949218750
0.2625806451612903158476797216280829161405563354492187500
0.3160000000000000031086244689504383131861686706542968750
0.2467741935483870885370549785875482484698295593261718750
0.4029999999999999693578445203456794843077659606933593750
0.3003225806451612633907188865123316645622253417968750000
0.3554838709677419217314309207722544670104980468750000000
0.3065517241379310253712731082487152889370918273925781250
0.3964516129032258362485663383267819881439208984375000000
0.3293333333333333112769025774468900635838508605957031250
0.3048387096774193838477629014960257336497306823730468750
0.2480000000000000259792187762286630459129810333251953125
0.2796774193548387521524034582398599013686180114746093750
0.2806451612903226311424020877893781289458274841308593750
0.2670000000000000150990331349021289497613906860351562500
0.2000000000000000111022302462515654042363166809082031250
0.3053333333333333454717717359017115086317062377929687500
0.3916129032258064968097244218370178714394569396972656250
0.2700000000000000177635683940025046467781066894531250000
0.4160714285714285365358477974950801581144332885742187500
0.4625806451612903269499099678796483203768730163574218750
0.3460000000000000297539770599541952833533287048339843750
0.3009677419354838678877683832979528233408927917480468750
0.2983333333333333392545227980008348822593688964843750000
0.2703225806451612922565175267664017155766487121582031250
0.2706451612903226222606178907881258055567741394042968750
0.2439999999999999946709294817992486059665679931640625000
0.3209677419354838301401855460426304489374160766601562500
0.2723333333333333716730351170554058626294136047363281250
0.3019354838709677468777670128474710509181022644042968750
0.3141935483870967882324976017116568982601165771484375000
0.2757142857142857450547523967543384060263633728027343750
0.4067741935483871196232996680919313803315162658691406250
0.3019999999999999906741265931486850604414939880371093750
0.3800000000000000044408920985006261616945266723632812500
0.3203333333333333032832968001457629725337028503417968750
0.3038709677419355048577642719465075060725212097167968750
0.3267741935483871040801773233397398144006729125976562500
0.3003333333333333410308796374010853469371795654296875000
0.3400000000000000244249065417534438893198966979980468750
0.3510000000000000341948691584548214450478553771972656250
0.3038709677419355048577642719465075060725212097167968750
0.3393548387096774199278570449678227305412292480468750000
0.3549999999999999822364316059974953532218933105468750000
0.3361290322580645084649120235553709790110588073730468750
0.3713333333333333485803962048521498218178749084472656250
0.2974193548387096819318742291216040030121803283691406250
0.2963333333333333374781659586005844175815582275390625000
0.3503225806451613077996398715185932815074920654296875000
0.2393548387096774143767419218420400284230709075927734375
0.2726666666666666682949937694502295926213264465332031250
0.3374193548387096619478597858687862753868103027343750000
0.2896666666666666833940269043523585423827171325683593750
0.3829032258064515858997367558913538232445716857910156250
0.5319354838709677846253498501027934253215789794921875000
0.3793103448275861877547754374973010271787643432617187500
0.3400000000000000244249065417534438893198966979980468750
0.3073333333333333472481285753019619733095169067382812500
0.3116129032258064257554508458269992843270301818847656250
0.2553333333333333565740019821532769128680229187011718750
0.2983870967741935609218728586711222305893898010253906250
0.2087096774193548387454910653104889206588268280029296875
0.2403333333333333432513256866513984277844429016113281250
0.2441935483870967538155838383318041451275348663330078125
0.2999999999999999888977697537484345957636833190917968750
0.3109677419354838767695525802992051467299461364746093750
0.3712903225806452045532068950706161558628082275390625000
0.3014285714285714345983535622508497908711433410644531250
0.3803225806451612789338412312645232304930686950683593750
0.3213333333333333596826264511037152260541915893554687500
0.3687096774193547865650089079281315207481384277343750000
0.2969999999999999862332344946480588987469673156738281250
0.2490322580645161210100013704504817724227905273437500000
0.2758064516129032361924089400417869910597801208496093750
0.3733333333333333503567530442524002864956855773925781250
0.2525806451612903069658955246268305927515029907226562500
0.3383333333333333747816595860058441758155822753906250000
0.2832258064516129381082976124162087216973304748535156250
0.2212903225806451545931707869385718367993831634521484375
0.3014285714285714345983535622508497908711433410644531250
0.3561290322580644707173291863000486046075820922851562500
0.3393333333333333201586867744481423869729042053222656250
0.3645161290322581071343677194818155840039253234863281250
0.2550000000000000044408920985006261616945266723632812500
0.2912903225806451890100845503184245899319648742675781250
0.2661290322580645018035738758044317364692687988281250000
0.2766666666666666718477074482507305219769477844238281250
0.2541935483870967904529436509619699791073799133300781250
0.3370000000000000217603712826530681923031806945800781250
0.3370967741935483874549106531048892065882682800292968750
0.3945161290322580782685690792277455329895019531250000000
0.3053571428571428270082321887457510456442832946777343750
0.3654838709677419306132151177735067903995513916015625000
0.3306666666666667198093421120574930682778358459472656250
0.2745161290322580827094611777283716946840286254882812500
0.2720000000000000195399252334027551114559173583984375000
0.2606451612903226133788336937868734821677207946777343750
0.2451612903225806328055824678813223727047443389892578125
0.3103333333333333499126638344023376703262329101562500000
0.2832258064516129381082976124162087216973304748535156250
0.3560000000000000386357612569554476067423820495605468750
0.2187096774193548476272752623117412440478801727294921875
0.3367741935483871129619615203409921377897262573242187500
0.3944827586206897107601321295078378170728683471679687500
0.2874193548387096730500900321203516796231269836425781250
0.2979999999999999871214129143481841310858726501464843750
0.4151612903225806450180357387580443173646926879882812500
0.2686666666666666647422800906497286632657051086425781250
0.2612903225806451623647319593146676197648048400878906250
0.2587096774193548553988364346878370270133018493652343750
0.2623333333333333627912509200541535392403602600097656250
0.2941935483870967704689292077091522514820098876953125000
0.2960000000000000408562073062057606875896453857421875000
0.3164516129032258207054439935745904222130775451660156250
0.3412903225806451779078543040668591856956481933593750000
0.3807142857142857272911840027518337592482566833496093750
0.3809677419354838279197394967923173680901527404785156250
0.3526666666666666838381161142024211585521697998046875000
0.3022580645161290213707161456113681197166442871093750000
0.2949999999999999844568776552478084340691566467285156250
0.3212903225806452156554371413221815600991249084472656250
0.2577419354838709764088378051383187994360923767089843750
0.2983333333333333392545227980008348822593688964843750000
0.3667741935483871396073141113447491079568862915039062500
0.3413333333333333219350436138483928516507148742675781250
0.4016129032258065056915086188382701948285102844238281250
0.4048387096774193616433024089928949251770973205566406250
0.3771428571428571685508757127536227926611900329589843750
0.4093548387096774265891951927187619730830192565917968750
0.3393333333333333201586867744481423869729042053222656250
0.3516129032258064612825876338320085778832435607910156250
0.3176666666666666527518714246980380266904830932617187500
0.2932258064516129469900818094174610450863838195800781250
0.2700000000000000177635683940025046467781066894531250000
0.2423333333333333450276825260516488924622535705566406250
0.3348387096774193549819642612419556826353073120117187500
0.3316666666666666651863693004997912794351577758789062500
0.4396774193548387277274969164864160120487213134765625000
0.4851612903225806516793738865089835599064826965332031250
0.3264285714285714568028140547539805993437767028808593750
0.4658064516129032384128549892921000719070434570312500000
0.3986666666666666691831721891503548249602317810058593750
0.3200000000000000066613381477509392425417900085449218750
0.3356666666666667242502342105581192299723625183105468750
0.2638709677419354693306274839414982125163078308105468750
0.2467741935483870885370549785875482484698295593261718750
0.3049999999999999933386618522490607574582099914550781250
0.2722580645161290502365147858654381707310676574707031250
0.2936666666666666869467405831528594717383384704589843750
0.2954838709677419239518769700225675478577613830566406250
