0.7813333333333334351777921256143599748611450195312500000
0.8696774193548387765773099999933037906885147094726562500
0.9230000000000000426325641456060111522674560546875000000
0.9200000000000000399680288865056354552507400512695312500
0.8058064516129032073266102997877169400453567504882812500
0.8717857142857142749292620464984793215990066528320312500
0.7848387096774194215953457387513481080532073974609375000
0.6736666666666666358764814503956586122512817382812500000
0.7364516129032258051623216488223988562822341918945312500
0.7780000000000000248689957516035065054893493652343750000
0.7841935483870967615871450107078999280929565429687500000
0.7641935483870968548458790792210493236780166625976562500
0.8666666666666666962726139900041744112968444824218750000
0.8764516129032258184849979443242773413658142089843750000
0.8990000000000000213162820728030055761337280273437500000
0.8870967741935483763526804068533238023519515991210937500
0.8929032258064516502926721841504331678152084350585937500
0.8389285714285713568827418384898919612169265747070312500
0.8329032258064517080242694646585732698440551757812500000
0.7479999999999999982236431605997495353221893310546875000
0.7083870967741936475192687794333323836326599121093750000
0.7646666666666667167007176431070547550916671752929687500
0.6083870967741935587014268094208091497421264648437500000
0.6877419354838710807698021199030335992574691772460937500
0.7943333333333333357018091192003339529037475585937500000
0.8180645161290323041924921199097298085689544677734375000
0.8836666666666666003493446623906493186950683593750000000
0.9003225806451613522085608565248548984527587890625000000
0.8412903225806451779078543040668591856956481933593750000
0.8196428571428571174806165799964219331741333007812500000
0.7774193548387096086571546038612723350524902343750000000
0.7283333333333332770820334189920686185359954833984375000
0.6806451612903225978357113490346819162368774414062500000
0.7823333333333333250436680827988311648368835449218750000
0.6587096774193549331144481584487948566675186157226562500
0.7299999999999999822364316059974953532218933105468750000
0.7823333333333333250436680827988311648368835449218750000
0.8677419354838710185973127408942673355340957641601562500
0.8709999999999999964472863211994990706443786621093750000
0.8925806451612904313108742826443631201982498168945312500
0.8829032258064516414108879871491808444261550903320312500
0.7903448275862068328478926559910178184509277343750000000
0.7787096774193549286735560599481686949729919433593750000
0.7183333333333332682002492219908162951469421386718750000
0.7590322580645161298917855674517340958118438720703125000
0.6576666666666666216656267351936548948287963867187500000
0.6570967741935483941162488008558284491300582885742187500
0.7393548387096774421323175374709535390138626098632812500
0.8070000000000000506261699229071382433176040649414062500
0.8203225806451612811542872805148363113403320312500000000
0.8129999999999999449329379785922355949878692626953125000
0.9000000000000000222044604925031308084726333618164062500
0.8883870967741935853467794004245661199092864990234375000
0.7628571428571429002829518140060827136039733886718750000
0.7812903225806451246171491220593452453613281250000000000
0.6683333333333333348136306995002087205648422241210937500
0.5938709677419354848737498286936897784471511840820312500
0.7149999999999999689137553104956168681383132934570312500
0.8051612903225806583407120342599228024482727050781250000
0.8374193548387096619478597858687862753868103027343750000
0.7253333333333332744174981598916929215192794799804687500
0.7796774193548386966412522269820328801870346069335937500
0.8699999999999999955591079014993738383054733276367187500
0.8974193548387096042162625053606461733579635620117187500
0.8300000000000000710542735760100185871124267578125000000
0.7335714285714286519990423585113603621721267700195312500
0.6745161290322581049139216702315025031566619873046875000
0.6793333333333333445835933162015862762928009033203125000
0.6264516129032258184849979443242773413658142089843750000
0.7009999999999999564792574346938636153936386108398437500
0.7461290322580644840400054818019270896911621093750000000
0.6903225806451612767133951820142101496458053588867187500
0.8399999999999999689137553104956168681383132934570312500
0.8232258064516129181242831691633909940719604492187500000
0.8596666666666666900553650521032977849245071411132812500
0.8854838709677419483767835117760114371776580810546875000
0.8532258064516129447696357601671479642391204833984375000
0.8035714285714286031492292750044725835323333740234375000
0.7993548387096774954230227194784674793481826782226562500
0.8036666666666666403173735488962847739458084106445312500
0.7593548387096774598958859314734581857919692993164062500
0.7183333333333332682002492219908162951469421386718750000
0.7225806451612903913428453961387276649475097656250000000
0.6609677419354839100762433190539013594388961791992187500
0.7920000000000000373034936274052597582340240478515625000
0.8035483870967742303648151391826104372739791870117187500
0.8986666666666666136720209578925278037786483764648437500
0.8516129032258064057714364025741815567016601562500000000
0.8764516129032258184849979443242773413658142089843750000
0.7813793103448276600175859130104072391986846923828125000
0.7358064516129032561764233832946047186851501464843750000
0.6520000000000000239808173319033812731504440307617187500
0.6593548387096774821003464239765889942646026611328125000
0.6326666666666667104834687052061781287193298339843750000
0.7429032258064517391105141541629564017057418823242187500
0.7158064516129032384128549892921000719070434570312500000
0.8120000000000000550670620214077644050121307373046875000
0.8135483870967742392465993361838627606630325317382812500
0.8770000000000000017763568394002504646778106689453125000
0.8977419354838710452426653318980243057012557983398437500
0.8919354838709676602803710920852608978748321533203125000
0.8242857142857142882519383420003578066825866699218750000
0.7890322580645161565371381584554910659790039062500000000
0.7066666666666667762086717630154453217983245849609375000
0.6329032258064516414108879871491808444261550903320312500
0.6959999999999999520383653361932374536991119384765625000
0.6716129032258064679439257815829478204250335693359375000
0.7261290322580644662764370877994224429130554199218750000
0.8343333333333333712289459072053432464599609375000000000
0.8396774193548387499319574089895468205213546752929687500
0.6800000000000000488498130835068877786397933959960937500
0.8558064516129032517355312847939785569906234741210937500
0.8196774193548387321683890149870421737432479858398437500
0.7439285714285713835280944294936489313840866088867187500
0.6996774193548387366092811134876683354377746582031250000
0.6509999999999999120703364496876019984483718872070312500
0.6422580645161289902844714561069849878549575805664062500
0.6530000000000000248689957516035065054893493652343750000
0.6922580645161290346933924411132466048002243041992187500
0.7793548387096774776594543254759628325700759887695312500
0.7606666666666666021257015017908997833728790283203125000
0.8361290322580644529537607922975439578294754028320312500
0.8683333333333332904047097144939471036195755004882812500
0.9119354838709676780439394860877655446529388427734375000
0.8783870967741935764649952034233137965202331542968750000
0.8200000000000000621724893790087662637233734130859375000
0.6658064516129031940039340042858384549617767333984375000
0.5959999999999999742428258286963682621717453002929687500
0.6706451612903225889539271520334295928478240966796875000
0.6590000000000000301980662698042578995227813720703125000
0.6587096774193549331144481584487948566675186157226562500
0.6119354838709677446573209635971579700708389282226562500
0.7356666666666666909435434718034230172634124755859375000
0.8103225806451612722725030835135839879512786865234375000
0.8866666666666667140361823840066790580749511718750000000
0.8635483870967742836555203211901243776082992553710937500
0.8438709677419354848737498286936897784471511840820312500
0.7558620689655173308096891560126096010208129882812500000
0.7399999999999999911182158029987476766109466552734375000
0.6686666666666666314355893518950324505567550659179687500
0.6732258064516130069421251391759142279624938964843750000
0.7266666666666666829499376945022959262132644653320312500
0.7116129032258063924487601070723030716180801391601562500
0.7287096774193548842646350749419070780277252197265625000
0.7830000000000000293098878501041326671838760375976562500
0.8796774193548387854590941969945561140775680541992187500
0.8699999999999999955591079014993738383054733276367187500
0.8964516129032258362485663383267819881439208984375000000
0.8261290322580645550942790578119456768035888671875000000
0.8171428571428570597490192994882818311452865600585937500
0.7645161290322580738276769807271193712949752807617187500
0.7630000000000000115463194561016280204057693481445312500
0.7596774193548387898999862954951822757720947265625000000
0.7570000000000000062172489379008766263723373413085937500
0.7603225806451613388858845610229764133691787719726562500
0.8025806451612904623971189721487462520599365234375000000
0.8109999999999999431565811391919851303100585937500000000
0.8083870967741936253148082869302015751600265502929687500
0.8993333333333334289605431877134833484888076782226562500
0.8629032258064517346696220556623302400112152099609375000
0.8945161290322580782685690792277455329895019531250000000
0.8300000000000000710542735760100185871124267578125000000
0.7564516129032258229258900428249035030603408813476562500
0.6820000000000000506261699229071382433176040649414062500
0.6561290322580645151262501713063102215528488159179687500
0.6863333333333334618231447166181169450283050537109375000
0.6016129032258065167937388650898355990648269653320312500
0.7316129032258064102123285010748077183961868286132812500
0.7296666666666666856144729536026716232299804687500000000
0.7919354838709676824848315845883917063474655151367187500
0.8333333333333332593184650249895639717578887939453125000
0.8590322580645162187096275374642573297023773193359375000
0.7616129032258064368576810920785646885633468627929687500
0.7660714285714286253536897675076033920049667358398437500
0.6838709677419355648098076017049606889486312866210937500
0.5046666666666667078189334461058024317026138305664062500
0.6341935483870968504049869807204231619834899902343750000
0.6430000000000000159872115546022541821002960205078125000
0.6741935483870967749098213062097784131765365600585937500
0.7616129032258064368576810920785646885633468627929687500
0.8163333333333334662640368151187431067228317260742187500
0.8612903225806451956714226980693638324737548828125000000
0.8583333333333332815229255174926947802305221557617187500
0.8812903225806451024126886295562144368886947631835937500
0.8483870967741936608419450749352108687162399291992187500
0.7358620689655173130461207620101049542427062988281250000
0.7316129032258064102123285010748077183961868286132812500
0.7356666666666666909435434718034230172634124755859375000
0.6645161290322580960321374732302501797676086425781250000
0.7053333333333333676762322284048423171043395996093750000
0.7290322580645162142687354389636311680078506469726562500
0.7364516129032258051623216488223988562822341918945312500
0.7776666666666667282470370992086827754974365234375000000
0.8380645161290323219560605139122344553470611572265625000
0.8200000000000000621724893790087662637233734130859375000
0.8454838709677419128496467237710021436214447021484375000
0.8538709677419354937555340256949421018362045288085937500
0.8442857142857143060155067360028624534606933593750000000
0.7667741935483870507894721413322258740663528442382812500
0.6109999999999999875655021241982467472553253173828125000
0.7125806451612903824610611991374753415584564208984375000
0.7263333333333333863279790421074721962213516235351562500
0.6993548387096774066051807494659442454576492309570312500
0.7354838709677419261723230192728806287050247192382812500
0.7753333333333333188264191448979545384645462036132812500
0.8106451612903226022766034475353080779314041137695312500
0.8323333333333333694525890678050927817821502685546875000
0.8306451612903226200401718415378127247095108032226562500
0.8264516129032257740760769593180157244205474853515625000
0.7746428571428570775125876934907864779233932495117187500
0.7090322580645161965051670449611265212297439575195312500
0.6793333333333333445835933162015862762928009033203125000
0.7687096774193549197917718629469163715839385986328125000
0.7183333333333332682002492219908162951469421386718750000
0.6896774193548387277274969164864160120487213134765625000
0.7409677419354838701082144325482659041881561279296875000
0.7469999999999999973354647408996243029832839965820312500
0.8048387096774193283366116702381987124681472778320312500
0.8250000000000000666133814775093924254179000854492187500
0.8474193548387096708296439828700385987758636474609375000
0.8574193548387096797114281798712909221649169921875000000
0.7667857142857142926928304405009839683771133422851562500
0.6770967741935483008575147323426790535449981689453125000
0.6396666666666667167007176431070547550916671752929687500
0.6248387096774193905091010492469649761915206909179687500
0.7059999999999999609201495331944897770881652832031250000
0.7238709677419354893146419271943159401416778564453125000
0.7387096774193548931464192719431594014167785644531250000
0.7966666666666667451224270735110621899366378784179687500
0.8348387096774193549819642612419556826353073120117187500
0.9116666666666667362406428765098098665475845336914062500
0.8606451612903225356632219700259156525135040283203125000
0.8193548387096774021642886509653180837631225585937500000
0.8265517241379310986459927335090469568967819213867187500
0.7193548387096774243687491434684488922357559204101562500
0.7190000000000000834887714518117718398571014404296875000
0.7032258064516129225651752676640171557664871215820312500
0.7433333333333332904047097144939471036195755004882812500
0.7732258064516129847376646466727834194898605346679687500
0.7167741935483870063805511563259642571210861206054687500
0.8229999999999999538147221755934879183769226074218750000
0.8683870967741935675832110064220614731311798095703125000
0.8916666666666667184770744825073052197694778442382812500
0.8870967741935483763526804068533238023519515991210937500
0.8867741935483870463485800428315997123718261718750000000
0.8707142857142856628982485744927544146776199340820312500
0.7941935483870967704689292077091522514820098876953125000
0.7433333333333332904047097144939471036195755004882812500
0.7845161290322580915912453747296240180730819702148437500
0.7336666666666665781448841698875185102224349975585937500
0.6483870967741935942285635974258184432983398437500000000
0.7151612903225806894269567237643059343099594116210937500
0.8016666666666667495633191720116883516311645507812500000
0.8429032258064517169060536616598255932331085205078125000
0.8413333333333333774461948451062198728322982788085937500
0.8980645161290323752467656959197483956813812255859375000
0.9248387096774193238957195717375725507736206054687500000
0.8017857142857143237790751300053671002388000488281250000
0.6587096774193549331144481584487948566675186157226562500
0.7286666666666665737039920713868923485279083251953125000
0.7409677419354838701082144325482659041881561279296875000
0.6023333333333333872161574618075974285602569580078125000
0.6993548387096774066051807494659442454576492309570312500
0.7622580645161289858435793576063588261604309082031250000
0.8296666666666666634100124610995408147573471069335937500
0.8667741935483870285850116488290950655937194824218750000
0.9113333333333334396186842241149861365556716918945312500
0.8219354838709677091301841755921486765146255493164062500
0.8212903225806451601442859100643545389175415039062500000
0.8260714285714286786443949495151173323392868041992187500
0.7080645161290323175151684154116082936525344848632812500
0.6409999999999999031885522526863496750593185424804687500
0.7483870967741935720241031049226876348257064819335937500
0.6576666666666666216656267351936548948287963867187500000
0.5709677419354838301401855460426304489374160766601562500
0.5651612903225806672224962312611751258373260498046875000
0.7223333333333333827752653633069712668657302856445312500
0.8167741935483870951983931263384874910116195678710937500
0.7753333333333333188264191448979545384645462036132812500
0.8651612903225807116314172162674367427825927734375000000
0.8538709677419354937555340256949421018362045288085937500
0.7775862068965517792662467400077730417251586914062500000
0.7438709677419355070782103211968205869197845458984375000
0.6953333333333333587944480314035899937152862548828125000
0.7093548387096774154869649464671965688467025756835937500
0.6929999999999999493738300770928617566823959350585937500
0.6709677419354838079357250535394996404647827148437500000
0.7025806451612903735792770021362230181694030761718750000
0.7326666666666666882790082127030473202466964721679687500
0.8535483870967742747737361241888720542192459106445312500
0.8743333333333334067560826952103525400161743164062500000
0.8841935483870968504049869807204231619834899902343750000
0.8283870967741936430783766809327062219381332397460937500
0.7928571428571429269283044050098396837711334228515625000
0.6654838709677419750221361027797684073448181152343750000
0.6983333333333332504366808279883116483688354492187500000
0.6341935483870968504049869807204231619834899902343750000
0.5823333333333333694525890678050927817821502685546875000
0.6329032258064516414108879871491808444261550903320312500
0.7032258064516129225651752676640171557664871215820312500
0.7690000000000001278976924368180334568023681640625000000
0.7745161290322580827094611777283716946840286254882812500
0.8193333333333333579062696117034647613763809204101562500
0.7951612903225806494589278372586704790592193603515625000
0.8264516129032257740760769593180157244205474853515625000
0.7657142857142856806618169684952590614557266235351562500
0.7445161290322580560641085867246147245168685913085937500
0.5493333333333333401427012177009601145982742309570312500
0.6283870967741935764649952034233137965202331542968750000
0.6283333333333334103087963740108534693717956542968750000
0.5709677419354838301401855460426304489374160766601562500
0.5861290322580644529537607922975439578294754028320312500
0.6696666666666667433460702341108117252588272094726562500
0.7090322580645161965051670449611265212297439575195312500
0.8416666666666667850904559600166976451873779296875000000
0.8235483870967742481283835331851150840520858764648437500
0.7835483870967742126012467451801057904958724975585937500
0.7035714285714286253536897675076033920049667358398437500
0.6274193548387096974749965738737955689430236816406250000
0.5543333333333333445835933162015862762928009033203125000
0.6796774193548387188457127194851636886596679687500000000
0.5540000000000000479616346638067625463008880615234375000
0.5722580645161290391342845396138727664947509765625000000
0.6477419354838710452426653318980243057012557983398437500
0.6916666666666667628859954675135668367147445678710937500
0.8138709677419355692506997002055868506431579589843750000
0.8556666666666666865026513733027968555688858032226562500
0.8009677419354838123766171520401258021593093872070312500
