0.1018876666666666680471919903538946527987718582153320312
0.1010200000000000125632837466582714114338159561157226562
0.1018770000000000092166274612281995359808206558227539062
0.1023325806451612918213101011133403517305850982666015625
0.1027509677419354977567778064440062735229730606079101562
0.1027710714285714338478427976042439695447683334350585938
0.1021948387096774379934061016683699563145637512207031250
0.1012076666666666679983421772703877650201320648193359375
0.1012812903225806526741337165731238201260566711425781250
0.1014616666666666722207423845247831195592880249023437500
0.1015874193548387260932486242381855845451354980468750000
0.1016700000000000103650421579004614613950252532958984375
0.1011783333333333423365019143602694384753704071044921875
0.1015806451612903255066200358669448178261518478393554688
0.1021460000000000145625733694032533094286918640136718750
0.1013070967741935557437926718193921260535717010498046875
0.1016554838709677610619763754584710113704204559326171875
0.1016867857142857156649284888771944679319858551025390625
0.1018254838709677506658479728685051668435335159301757812
0.1011490000000000027968738436356943566352128982543945312
0.1012406451612903324210890332324197515845298767089843750
0.1016763333333333407804133230456500314176082611083984375
0.1015206451612903348902250399987678974866867065429687500
0.1013416129032258250486364659082028083503246307373046875
0.1014353333333333356813810155472310725599527359008789062
0.1018422580645161473755777592486992944031953811645507812
0.1021490000000000036850522633358195889741182327270507812
0.1022174193548387177710168316480121575295925140380859375
0.1019545161290322660141427490998466964811086654663085938
0.1015828571428571414081432067177956923842430114746093750
0.1015222580645161465362491526320809498429298400878906250
0.1014173333333333454353564206940063741058111190795898438
0.1013687096774193580062117803208820987492799758911132812
0.1014560000000000183906223583107930608093738555908203125
0.1013829032258064671845332327393407467752695083618164062
0.1014393548387096805063478655029030051082372665405273438
0.1012610000000000176623160541566903702914714813232421875
0.1022967741935483926285499478581186849623918533325195312
0.1019933333333333524972630357297020964324474334716796875
0.1017338709677419461563374625256983563303947448730468750
0.1019767741935483917892213412415003404021263122558593750
0.1015151724137931116276334364556532818824052810668945312
0.1016467741935483948267915366159286350011825561523437500
0.1014873333333333460526404223855934105813503265380859375
0.1011148387096774264870546744532475713640451431274414062
0.1016283333333333482872973263511084951460361480712890625
0.1015583870967741997315414437252911739051342010498046875
0.1014477419354838788612127586930000688880681991577148438
0.1012793333333333323231784106610575690865516662597656250
0.1017874193548387179442116234895365778356790542602539062
0.1012026666666666768756854821731394622474908828735351562
0.1016364516129032308233703929545299615710973739624023438
0.1024919354838709772970162248384440317749977111816406250
0.1022785714285714409044203421217389404773712158203125000
0.1022512903225806513152207344319322146475315093994140625
0.1017566666666666758134240922117896843701601028442382812
0.1013022580645161485612959495483664795756340026855468750
0.1009143333333333281132127012824639678001403808593750000
0.1013951612903225829587228190575842745602130889892578125
0.1015254838709677559505095700842502992600202560424804688
0.1019710000000000060804694612670573405921459197998046875
0.1017435483870967882769065226966631598770618438720703125
0.1011663333333333442132229151866340544074773788452148438
0.1015400000000000052535753525262407492846250534057617188
0.1019800000000000150812695665081264451146125793457031250
0.1025939285714285720274574487120844423770904541015625000
0.1021116129032258179609726767012034542858600616455078125
0.1005676666666666663196849640371510758996009826660156250
0.1013919354838709735444624016054149251431226730346679688
0.1014610000000000095132790534080413635820150375366210938
0.1011919354838709678157115945396071765571832656860351562
0.1015361290322580739564628515836375299841165542602539062
0.1011456666666666892595571880519855767488479614257812500
0.1013712903225806455376201142826175782829523086547851562
0.1019980000000000053272941613613511435687541961669921875
0.1022867741935483965054487498491653241217136383056640625
0.1018870967741935529282670813699951395392417907714843750
0.1014732142857143054603952236902841832488775253295898438
0.1012903225806451729118506932536547537893056869506835938
0.1013303333333333416943489169170788954943418502807617188
0.1014580645161290428646339023543987423181533813476562500
0.1016000000000000097477581562088744249194860458374023438
0.1013874193548387203644978171723778359591960906982421875
0.1012970967741935457429036659959820099174976348876953125
0.1012386666666666712455224796940456144511699676513671875
0.1018300000000000038458125573015422560274600982666015625
0.1021823333333333472250359363897587172687053680419921875
0.1015025806451612944147910866377060301601886749267578125
0.1025232258064516233098117936606286093592643737792968750
0.1021486206896551895972891088604228571057319641113281250
0.1017803225806451772328387050947640091180801391601562500
0.1008236666666666725422629724562284536659717559814453125
0.1014593548387096866303380693352664820849895477294921875
0.1016793333333333299028922169782163109630346298217773438
0.1011912903225806459328595110491733066737651824951171875
0.1015274193548387215990658205555519089102745056152343750
0.1014490000000000113900000542344059795141220092773437500
0.1015296774193548412501542088648420758545398712158203125
0.1011383333333333439663093145099992398172616958618164062
0.1014932258064516201745419721191865392029285430908203125
0.1017841935483871085299512060373672284185886383056640625
0.1017753571428571396362272594160458538681268692016601562
0.1008606451612903270875776229331677313894033432006835938
0.1011946666666666827527620853288681246340274810791015625
0.1013980645161290383704510986717650666832923889160156250
0.1015203333333333374222107181594765279442071914672851562
0.1013429032258064688143406328890705481171607971191406250
0.1014958064516129077059503060809220187366008758544921875
0.1012826666666666736160706818736798595637083053588867188
0.1019477419354838654275141607286059297621250152587890625
0.1021076666666666660221451934376091230660676956176757812
0.1023609677419354963001651981358008924871683120727539062
0.1026909677419355071403828105758293531835079193115234375
0.1014864285714285746520246789259545039385557174682617188
0.1017380645161290453337699091207468882203102111816406250
0.1013750000000000067723604502134548965841531753540039062
0.1012067741935483988768851304484996944665908813476562500
0.1013326666666666681093644797329034190624952316284179688
0.1012087096774193645254413809198013041168451309204101562
0.1011900000000000021671553440683055669069290161132812500
0.1016133333333333471637516254304500762373208999633789062
0.1014054838709677608399317705334397032856941223144531250
0.1010230000000000016857626405908376909792423248291015625
0.1018574193548387185614956251811236143112182617187500000
0.1017174193548387173269276217979495413601398468017578125
0.1022653571428571439572152712571551091969013214111328125
0.1023096774193548441633794254812528379261493682861328125
0.1014856666666666823450881906865106429904699325561523438
0.1015445161290322584335399369592778384685516357421875000
0.1012893333333333284462796086700109299272298812866210938
0.1014332258064516156803591684365528635680675506591796875
0.1014154838709677569630329685423930641263723373413085938
0.1018710000000000170938818655486102215945720672607421875
0.1013716129032258272957278677495196461677551269531250000
0.1020036666666666730352019953897979576140642166137695312
0.1021519354838709703336974143894622102379798889160156250
0.1014016129032258156650314617763797286897897720336914062
0.1020386206896551906098125073185656219720840454101562500
0.1021416129032258202080640785425202921032905578613281250
0.1012679999999999969073627426041639409959316253662109375
0.1013935483870967851904865142387279774993658065795898438
0.1016570000000000112416742581444850657135248184204101562
0.1015806451612903255066200358669448178261518478393554688
0.1012987096774193573889277786292950622737407684326171875
0.1019860000000000072040151621877157595008611679077148438
0.1014412903225806461549041159742046147584915161132812500
0.1020433333333333469905568335889256559312343597412109375
0.1022522580645161410783927635748113971203565597534179688
0.1023203225806451760471205147950968239456415176391601562
0.1018250000000000127231558622042939532548189163208007812
0.1018161290322580764255988583499856758862733840942382812
0.1014003333333333423116329186086659319698810577392578125
0.1016258064516129128174171114551427308470010757446289062
0.1016886666666666771963178916848846711218357086181640625
0.1014129032258064694316246345806575845927000045776367188
0.1015483870967741897306524379018810577690601348876953125
0.1017916666666666691831721891503548249602317810058593750
0.1021438709677419398591524668518104590475559234619140625
0.1019573333333333442496382303943391889333724975585937500
0.1018483870967741983237786485005926806479692459106445312
0.1027509677419354977567778064440062735229730606079101562
0.1015432142857143060776792253818712197244167327880859375
0.1012787096774193651427253826113883405923843383789062500
0.1013730000000000047721826490487728733569383621215820312
0.1016009677419354995109301853517536073923110961914062500
0.1018360000000000098463459607955883257091045379638671875
0.1016625806451613017733492938532435800880193710327148438
0.1011283870967741999047362355668155942112207412719726562
0.1015183333333333492998207248092512600123882293701171875
0.1016100000000000058708593542178277857601642608642578125
0.1020780000000000020676793610618915408849716186523437500
0.1027322580645161492762795774069672916084527969360351562
0.1019893548387096893215186810266459360718727111816406250
0.1012489285714285730533035234657290857285261154174804688
0.1016390322580645183547787269162654411047697067260742188
0.1018313333333333431385270273494825232774019241333007812
0.1010309677419354984495569738101039547473192214965820312
0.1011439999999999977964293407239892985671758651733398438
0.1013493548387096876428614677934092469513416290283203125
0.1013880645161290422473499006628117058426141738891601562
0.1018160000000000176001435647776816040277481079101562500
0.1023006451612903239256624488007219042629003524780273438
0.1017976666666666751837055926444008946418762207031250000
0.1025529032258064715543710576639568898826837539672851562
0.1021409677419354983252119950520864222198724746704101562
0.1026927586206896614307026993628824129700660705566406250
0.1008248387096774278948174696779460646212100982666015625
0.1009883333333333466086401131178718060255050659179687500
0.1014006451612903259018594326335005462169647216796875000
0.1014393333333333396817366178765951190143823623657226562
0.1014525806451612999214972887784824706614017486572265625
0.1013848387096774328330894832106423564255237579345703125
0.1017010000000000136122224603241193108260631561279296875
0.1018145161290322647795747457166726235300302505493164062
0.1014886666666666714675670846190769225358963012695312500
0.1020025806451612948588802964877686463296413421630859375
0.1016680645161290447164859074291598517447710037231445312
0.1014014285714285729111949763137090485543012619018554688
0.1014138709677419453170088559090800117701292037963867188
0.1012660000000000087849727492539386730641126632690429688
0.1017648387096774381666008935098943766206502914428710938
0.1014033333333333453118996203556889668107032775878906250
0.1014567741935483990989297353735310025513172149658203125
0.1016741935483871095424746044955099932849407196044921875
0.1018666666666666748009006937536469195038080215454101562
0.1017674193548387256980092274716298561543226242065429688
0.1012223333333333447070501165399036835879087448120117188
0.1010061290322580712652822398922580759972333908081054688
0.1015964516129032324531777931042597629129886627197265625
0.1007175000000000014699352846037072595208883285522460938
0.1017290322580645112182651246257591992616653442382812500
0.1017730000000000023518964553659316152334213256835937500
0.1011590322580645101568919130841095466166734695434570312
0.1013320000000000192796889564306184183806180953979492188
0.1015548387096774363147488884351332671940326690673828125
0.1013858064516129087184737045390647836029529571533203125
0.1015710000000000085007556549498985987156629562377929688
0.1015800000000000036237679523765109479427337646484375000
0.1007253333333333333854398006224073469638824462890625000
0.1013980645161290383704510986717650666832923889160156250
0.1020929032258064694804744476641644723713397979736328125
0.1020478571428571484824843196292931679636240005493164062
0.1021487096774193609194369969372928608208894729614257812
0.1016503333333333425336775235336972400546073913574218750
0.1018393548387096919638494796345185022801160812377929688
0.1015633333333333526704578275712265167385339736938476562
0.1011754838709677528640895616263151168823242187500000000
0.1014587096774193647474859858448326122015714645385742188
0.1018316666666666675533647890006250236183404922485351562
0.1021148387096774273752330941533728037029504776000976562
0.1024376666666666768623628058776375837624073028564453125
0.1016900000000000026112445539183681830763816833496093750
0.1021290322580645226757667387573746964335441589355468750
0.1026772413793103494450420498651510570198297500610351562
0.1025029032258064631832894519902765750885009765625000000
0.1006290000000000101065822377677250187844038009643554688
0.1014696774193548367559714051822084002196788787841796875
0.1013500000000000095257135512838431168347597122192382812
0.1015025806451612944147910866377060301601886749267578125
0.1016838709677419377852558568520180415362119674682617188
0.1016206666666666785792116911579796578735113143920898438
0.1013493548387096876428614677934092469513416290283203125
0.1015873333333333489170158259184972848743200302124023438
0.1015658064516129083232343077725090552121400833129882812
0.1015009677419354966465547818188497330993413925170898438
0.1015589285714285777695309320733940694481134414672851562
0.1008474193548387215502160074720450211316347122192382812
0.1014996666666666824685449910248280502855777740478515625
0.1009658064516129050147696943895425647497177124023437500
0.1016376666666666678251473854288633447140455245971679688
0.1017464516129032298108469944963871967047452926635742188
0.1016758064516129073107109093143662903457880020141601562
0.1015523333333333416694799211654753889888525009155273438
0.1018661290322580709188926562092092353850603103637695312
0.1016466666666666629481596828554756939411163330078125000
0.1024177419354838775022997765518084634095430374145507812
0.1012341935483871135925681983280810527503490447998046875
0.1011896428571428668830023411828733514994382858276367188
0.1016832258064516159024037733615841716527938842773437500
0.1013423333333333398176279160907142795622348785400390625
0.1015009677419354966465547818188497330993413925170898438
0.1015356666666666768383819885457342024892568588256835938
0.1012280645161290487665795012617309112101793289184570312
0.1014054838709677608399317705334397032856941223144531250
0.1017393333333333343970750206608499865978956222534179688
0.1018112903225806553653143282645032741129398345947265625
0.1013629999999999947712936432253627572208642959594726562
0.1020961290322580788947348651163338217884302139282226562
0.1016264516129032347002691949455766007304191589355468750
0.1018385714285714449545139359543099999427795410156250000
0.1020145161290322566305377449680236168205738067626953125
0.1018926666666666730476364932655997108668088912963867188
0.1015977419354838762188819600851275026798248291015625000
0.1017506666666666836906784965322003699839115142822265625
0.1014383870967741907431758363600238226354122161865234375
0.1014100000000000140198963549664767924696207046508789062
0.1018156666666666793075179953120823483914136886596679688
0.1018912903225806521056995279650436714291572570800781250
0.1020373333333333409900234300948795862495899200439453125
0.1030535483870967938813123510044533759355545043945312500
0.1016712903225806541307463248813292011618614196777343750
0.1012603448275862239036371192923979833722114562988281250
0.1014577419354838749843139567019534297287464141845703125
0.1012973333333333503247786211431957781314849853515625000
0.1012680645161290471367721011120011098682880401611328125
0.1013723333333333420647193179320311173796653747558593750
0.1016580645161290485933847094202064909040927886962890625
0.1019222580645161441159629589492396917194128036499023438
0.1017813333333333347674454216758022084832191467285156250
0.1021306451612903343217908513906877487897872924804687500
0.1018073333333333468919690290022117551416158676147460938
0.1031577419354838681675445855034922715276479721069335938
0.1025070967741935484829340907708683516830205917358398438
0.1018903571428571436241483638696081470698118209838867188
0.1017987096774193578330169884793576784431934356689453125
0.1018470000000000208473238672013394534587860107421875000
0.1016193548387096801111084687363472767174243927001953125
0.1013686666666666763569892850682663265615701675415039062
0.1014693548387096827534392673442198429256677627563476562
0.1017054838709677555552701733176945708692073822021484375
0.1016429999999999972404296499917109031230211257934570312
0.1020706451612903298276080477080540731549263000488281250
0.1017133333333333500281270289633539505302906036376953125
0.1017596774193548353482086099575099069625139236450195312
0.1016529032258064596527802336822787765413522720336914062
0.1018071428571428738152349069423507899045944213867187500
0.1006232258064516243978303577932820189744234085083007812
0.1013126666666666758631620837149966973811388015747070312
0.1013848387096774328330894832106423564255237579345703125
0.1014680000000000026361135496699716895818710327148437500
0.1014232258064516195572579704275995027273893356323242188
0.1015764516129032263291875892718962859362363815307617188
0.1020166666666666721585698951457743532955646514892578125
0.1017651612903225782913452235334261786192655563354492188
0.1019390000000000018332002582610584795475006103515625000
0.1021887096774193592896295967875630594789981842041015625
0.1014035483870967951913755200621380936354398727416992188
0.1025560714285714408733340974322345573455095291137695312
0.1019006451612903263459486424835631623864173889160156250
0.1013456666666666811105201873033365700393915176391601562
0.1013835483870967890673853162297746166586875915527343750
0.1014853333333333301746748134064546320587396621704101562
0.1013680645161290361233596968304482288658618927001953125
0.1016164516129032246993801891221664845943450927734375000
0.1018500000000000099698027611339057330042123794555664062
0.1016929032258064719007606413470057304948568344116210938
0.1007793333333333318790892008109949529170989990234375000
0.1017203225806451727386559014121303334832191467285156250
