0.3506666666666666820617592748021706938743591308593750000
0.2945161290322581004730295717308763414621353149414062500
0.4783333333333333881043358815077226608991622924804687500
0.1977419354838709786292838543886318802833557128906250000
0.2938709677419354959759800749452551826834678649902343750
0.1442857142857142949132764897512970492243766784667968750
0.2229032258064516103246432976447977125644683837890625000
0.1199999999999999955591079014993738383054733276367187500
0.2335483870967741959479013758027576841413974761962890625
0.3800000000000000044408920985006261616945266723632812500
0.5029032258064516369699958886485546827316284179687500000
0.3929032258064515947815209528926061466336250305175781250
0.3003333333333333410308796374010853469371795654296875000
0.2703225806451612922565175267664017155766487121582031250
0.1040000000000000091038288019262836314737796783447265625
0.2877419354838709475430391648842487484216690063476562500
0.2470967741935483907855797269803588278591632843017578125
0.0660714285714285726180960978126677218824625015258789062
0.3206451612903225556472364132787333801388740539550781250
0.5550000000000000488498130835068877786397933959960937500
0.3229032258064515881201828051416669040918350219726562500
0.2620000000000000106581410364015027880668640136718750000
0.0632258064516128953647111643476819153875112533569335938
0.3106451612903226022766034475353080779314041137695312500
0.1456666666666666665186369300499791279435157775878906250
0.1658064516129032495150852355436654761433601379394531250
0.2810000000000000275335310107038822025060653686523437500
0.2848387096774193660841945074935210868716239929199218750
0.2261290322580645217875883190572494640946388244628906250
0.2139285714285714401494686853766324929893016815185546875
0.4693548387096774243687491434684488922357559204101562500
0.1873333333333333516890206738025881350040435791015625000
0.3667741935483871396073141113447491079568862915039062500
0.3500000000000000333066907387546962127089500427246093750
0.1506451612903225711903587580309249460697174072265625000
0.4212903225806451934509766488190507516264915466308593750
0.4656666666666667286911263090587453916668891906738281250
0.0912903225806451640300664962524024304002523422241210938
0.2399999999999999911182158029987476766109466552734375000
0.3006451612903225933948192505340557545423507690429687500
0.0638709677419354859839728533188463188707828521728515625
0.0703448275862069011266086704381450545042753219604492188
0.1387096774193548320841529175595496781170368194580078125
0.3379999999999999671373984710953664034605026245117187500
0.7258064516129032472946391862933523952960968017578125000
0.3496666666666666811735808551020454615354537963867187500
0.3748387096774193905091010492469649761915206909179687500
0.4296774193548387188457127194851636886596679687500000000
0.5416666666666666296592325124947819858789443969726562500
0.4287096774193548398557140899356454610824584960937500000
0.2860000000000000319744231092045083642005920410156250000
0.0961290322580645173466962205566233024001121520996093750
0.0212903225806451608381753004550773766823112964630126953
0.2382142857142857395036372736285557039082050323486328125
0.3238709677419355226213326659490121528506278991699218750
0.2413333333333333441395041063515236601233482360839843750
0.2435483870967742048296855728040100075304508209228515625
0.2640000000000000124344978758017532527446746826171875000
0.8674193548387095775709099143568892031908035278320312500
0.2693548387096774132665188972168834879994392395019531250
0.1786666666666666680729491645251982845366001129150390625
0.1990322580645161321122316167020471766591072082519531250
0.2270000000000000073274719625260331667959690093994140625
0.2854838709677419150700927730213152244687080383300781250
0.0974193548387096847074317906844953540712594985961914062
0.0921428571428571374646310232492396607995033264160156250
0.3996774193548387477115113597392337396740913391113281250
0.2080000000000000182076576038525672629475593566894531250
0.1906451612903226067174955460359342396259307861328125000
0.3649999999999999911182158029987476766109466552734375000
0.6177419354838710185973127408942673355340957641601562500
0.1474193548387096874829893522473867051303386688232421875
0.4526666666666666616336556216992903500795364379882812500
0.3838709677419355204008866166986990720033645629882812500
0.2416666666666666962726139900041744112968444824218750000
0.1770967741935484118798171948583330959081649780273437500
0.1551612903225806361362515417567919939756393432617187500
0.4460714285714285631812003884988371282815933227539062500
0.2422580645161290513467378104905947111546993255615234375
0.2473333333333333494685746245522750541567802429199218750
0.3070967741935484163207092933589592576026916503906250000
0.2590000000000000079936057773011270910501480102539062500
0.3296774193548387410501732119882944971323013305664062500
0.2658064516129032273106247430405346676707267761230468750
0.1880000000000000004440892098500626161694526672363281250
0.1212903225806451629198434716272458899766206741333007812
0.2339999999999999857891452847979962825775146484375000000
0.3538709677419355492666852569527691230177879333496093750
0.2161290322580645129058041220559971407055854797363281250
0.2506896551724138166861166610033251345157623291015625000
0.4387096774193547932263470556790707632899284362792968750
0.0913333333333333358128314216628496069461107254028320312
0.3193548387096774021642886509653180837631225585937500000
0.3439999999999999724664689892961177974939346313476562500
0.5174193548387097107976728693756740540266036987304687500
0.3306451612903225645290206102799857035279273986816406250
0.3140000000000000013322676295501878485083580017089843750
0.3580645161290322286973264453990850597620010375976562500
0.1019999999999999934496841547115764115005731582641601562
0.2883870967741935520400886616698699072003364562988281250
0.1651612903225806450180357387580443173646926879882812500
0.2017857142857142627168087756217573769390583038330078125
0.3458064516129031873425958565348992124199867248535156250
0.3436666666666666758445103369012940675020217895507812500
0.1832258064516129325571824892904260195791721343994140625
0.4760000000000000341948691584548214450478553771972656250
0.2932258064516129469900818094174610450863838195800781250
0.3738709677419355115191024196974467486143112182617187500
0.4486666666666666580809419428987894207239151000976562500
0.0529032258064516119899778345825325231999158859252929688
0.2969999999999999862332344946480588987469673156738281250
0.4164516129032258540121347323292866349220275878906250000
0.0964516129032258057174331611349771264940500259399414062
0.2532142857142857250707379535015206784009933471679687500
0.3761290322580644884808975803025532513856887817382812500
0.1493333333333333456938163408267428167164325714111328125
0.0887096774193548431863831638111150823533535003662109375
0.3970000000000000195399252334027551114559173583984375000
0.2445161290322580838196842023535282351076602935791015625
1.1535483870967742081603546466794796288013458251953125000
0.2916666666666666851703837437526090070605278015136718750
0.4361290322580644862604515310522401705384254455566406250
0.3699999999999999955591079014993738383054733276367187500
0.3216129032258064901483862740860786288976669311523437500
0.3451612903225806383566975910071050748229026794433593750
0.0632142857142857089725040964367508422583341598510742188
0.1106451612903225772965853934692859183996915817260742188
0.0776666666666666616336556216992903500795364379882812500
0.2167741935483870896472780032127047888934612274169921875
0.1736666666666666636320570660245721228420734405517578125
0.5080645161290322509017869379022158682346343994140625000
0.2041935483870967737995982815846218727529048919677734375
0.2306666666666666587470757576738833449780941009521484375
0.3064516129032258118236597965733380988240242004394531250
0.1180000000000000076605388699135801289230585098266601562
0.1406451612903225900641501766585861332714557647705078125
0.3416129032258065079119546680885832756757736206054687500
0.2834482758620689990536334335047286003828048706054687500
0.2245161290322580938116914239799370989203453063964843750
0.1996666666666666589691203625989146530628204345703125000
0.2993548387096773844007202569628134369850158691406250000
0.5689999999999999502620084967929869890213012695312500000
0.4122580645161290635591910813673166558146476745605468750
0.2935483870967742214830309421813581138849258422851562500
0.3283333333333333658998753890045918524265289306640625000
0.2790322580645161476553539614542387425899505615234375000
0.2026666666666666616336556216992903500795364379882812500
0.0535483870967741887314517157392401713877916336059570312
0.2874193548387096730500900321203516796231269836425781250
0.2903571428571428691967071245016995817422866821289062500
0.1119354838709677446573209635971579700708389282226562500
0.4153333333333333321490954403998330235481262207031250000
0.3938709677419355292826708136999513953924179077148437500
0.2253333333333333576842250067784334532916545867919921875
0.6106451612903225356632219700259156525135040283203125000
0.4216129032258064679439257815829478204250335693359375000
0.3913333333333333108328133675968274474143981933593750000
0.0383870967741935520400886616698699072003364562988281250
0.1660000000000000086597395920762210153043270111083984375
0.1703225806451612867054024036406190134584903717041015625
0.3132258064516129092424989721621386706829071044921875000
0.2335714285714285687323155116246198303997516632080078125
0.3974193548387097152385649678763002157211303710937500000
0.2869999999999999773514502976468065753579139709472656250
0.3387096774193548154308075481822015717625617980957031250
0.4050000000000000266453525910037569701671600341796875000
0.2241935483870967638075910599582130089402198791503906250
0.6199999999999999955591079014993738383054733276367187500
0.2246666666666666534180052394731319509446620941162109375
0.1051612903225806472384817880083573982119560241699218750
0.2056666666666666642981908807996660470962524414062500000
0.0890322580645161176793322965750121511518955230712890625
0.2809677419354839056353512205532751977443695068359375000
0.2089285714285714357085765868760063312947750091552734375
0.3245161290322580716072309314768062904477119445800781250
0.0106666666666666663104701129327622766140848398208618164
0.4019354838709677801844577516021672636270523071289062500
0.3713333333333333485803962048521498218178749084472656250
0.4003225806451612966974096252670278772711753845214843750
0.4193548387096774354709793897200142964720726013183593750
0.5973333333333333827752653633069712668657302856445312500
0.1990322580645161321122316167020471766591072082519531250
0.2999999999999999888977697537484345957636833190917968750
0.2167741935483870896472780032127047888934612274169921875
0.1429032258064516225370965685215196572244167327880859375
0.0724137931034482817960196143758366815745830535888671875
0.3045161290322581093548137687321286648511886596679687500
0.2573333333333333583503588215535273775458335876464843750
0.1193548387096774188176340203426661901175975799560546875
0.4490000000000000102140518265514401718974113464355468750
0.5058064516129031629176893147814553231000900268554687500
0.4238709677419355004168721734458813443779945373535156250
0.2760000000000000230926389122032560408115386962890625000
0.1100000000000000005551115123125782702118158340454101562
0.2316666666666666873908297930029220879077911376953125000
0.1958064516129032484048622109185089357197284698486328125
0.0929032258064516197615390069586283061653375625610351562
0.4242857142857143215586290807550540193915367126464843750
0.4293548387096774443527635867212666198611259460449218750
0.0653333333333333265979803172740503214299678802490234375
0.2806451612903226311424020877893781289458274841308593750
0.9350000000000000532907051820075139403343200683593750000
0.4058064516129031851221498072845861315727233886718750000
0.3029032258064516258677656423969892784953117370605468750
0.2296666666666666578588973379737581126391887664794921875
0.1809677419354838723286604817985789850354194641113281250
0.1626666666666666538620944493231945671141147613525390625
0.2393548387096774143767419218420400284230709075927734375
0.1048387096774193588677448474300035741180181503295898438
0.1567857142857142782599311203739489428699016571044921875
0.1348387096774193716353096306193037889897823333740234375
0.1526666666666666727358858679508557543158531188964843750
0.4806451612903225867334811027831165120005607604980468750
0.8309999999999999609201495331944897770881652832031250000
0.6109677419354838656673223340476397424936294555664062500
0.4106451612903225800721429550321772694587707519531250000
0.1390000000000000124344978758017532527446746826171875000
0.1677419354838709519839312633848749101161956787109375000
0.1773333333333333428072364768013358116149902343750000000
0.1658064516129032495150852355436654761433601379394531250
0.1880645161290322442404487901512766256928443908691406250
0.0932142857142857078622810718115943018347024917602539062
0.2170967741935483918958027516055153682827949523925781250
0.1016666666666666690721498866878391709178686141967773438
0.3648387096774193816273168522457126528024673461914062500
0.2933333333333333348136306995002087205648422241210937500
0.4364516129032258717757031263317912817001342773437500000
0.2622580645161290413547305888641858473420143127441406250
0.2939999999999999835686992355476832017302513122558593750
0.3741935483870967860120515524613438174128532409667968750
0.0036666666666666665984342099449122542864643037319183350
0.2151612903225806339158054925064789131283760070800781250
0.3745161290322580605050006852252408862113952636718750000
0.1413793103448275911837583862507017329335212707519531250
0.0787096774193548481823867746243195142596960067749023438
0.1869999999999999995559107901499373838305473327636718750
0.2970967741935484074389250963577069342136383056640625000
0.5476666666666666349883030306955333799123764038085937500
0.3777419354838709719679457066376926377415657043457031250
0.3038709677419355048577642719465075060725212097167968750
0.3236666666666666580809419428987894207239151000976562500
0.1422580645161290457956226873648120090365409851074218750
0.1233333333333333364789652364379435312002897262573242188
0.2538709677419354604488432869402458891272544860839843750
0.3393548387096774199278570449678227305412292480468750000
0.2907142857142857583774286922562168911099433898925781250
0.1932258064516129136833910706627648323774337768554687500
0.0850000000000000061062266354383609723299741744995117188
0.4754838709677419172905388222716283053159713745117187500
0.5336666666666667335761076174094341695308685302734375000
0.1083870967741935448236390016063523944467306137084960938
0.5458064516129031984448261027864646166563034057617187500
0.4056666666666667309115723583090584725141525268554687500
0.1758064516129032306412938169160042889416217803955078125
0.3506666666666666820617592748021706938743591308593750000
0.0529032258064516119899778345825325231999158859252929688
0.1335483870967741903967862526769749820232391357421875000
0.0403571428571428553189193166872428264468908309936523438
0.1106451612903225772965853934692859183996915817260742188
0.1343333333333333323711400453248643316328525543212890625
0.7429032258064517391105141541629564017057418823242187500
0.1769999999999999906741265931486850604414939880371093750
0.3045161290322581093548137687321286648511886596679687500
0.3987096774193548132103614989318884909152984619140625000
0.4110000000000000319744231092045083642005920410156250000
0.3296774193548387410501732119882944971323013305664062500
0.0810000000000000025535129566378600429743528366088867188
0.1538709677419354826533037794433766975998878479003906250
0.2351612903225806516793738865089835599064826965332031250
0.0453571428571428597598114151878689881414175033569335938
0.2506451612903226044970494967856211587786674499511718750
0.1983333333333333337034076748750521801412105560302734375
0.4164516129032258540121347323292866349220275878906250000
0.3616666666666666363205706602457212284207344055175781250
0.1309677419354838834308907280501443892717361450195312500
0.1161290322580645212324768067446711938828229904174804688
0.2143333333333333479142623900770558975636959075927734375
0.2703225806451612922565175267664017155766487121582031250
0.1863333333333333230452666384735493920743465423583984375
0.0683870967741935509298656370447133667767047882080078125
0.2996774193548387144048206209845375269651412963867187500
0.2486206896551724221389179092511767521500587463378906250
0.1435483870967741992785704496782273054122924804687500000
0.2360000000000000153210777398271602578461170196533203125
0.7406451612903225401041140685265418142080307006835937500
0.4386666666666667047103089771553641185164451599121093750
0.6658064516129031940039340042858384549617767333984375000
0.3703225806451612700520570342632709071040153503417968750
0.3019999999999999906741265931486850604414939880371093750
0.3087096774193548442966061884362716227769851684570312500
0.2936666666666666869467405831528594717383384704589843750
0.0538709677419354840410825602248223731294274330139160156
0.1419354838709677435470979389720014296472072601318359375
0.1592857142857142804803771696242620237171649932861328125
0.2512903225806451534829477623134152963757514953613281250
0.4179999999999999826805208158475579693913459777832031250
0.4167741935483871285050838650931837037205696105957031250
0.1816666666666666707374844236255739815533161163330078125
0.5354838709677419705812440042791422456502914428710937500
0.5367741935483871795753429978503845632076263427734375000
0.2960000000000000408562073062057606875896453857421875000
0.2464516129032258140441058458236511796712875366210937500
0.2913333333333333330372738600999582558870315551757812500
0.2332258064516129214549522430388606153428554534912109375
0.4129032258064516125450893468951107934117317199707031250
0.0907142857142857195196228303757379762828350067138671875
0.1270967741935483952264718254809849895536899566650390625
0.1093333333333333379222551684506470337510108947753906250
0.1425806451612903202885718201287090778350830078125000000
0.6683333333333333348136306995002087205648422241210937500
0.1267741935483870929779470770881744101643562316894531250
0.1790322580645161143486632226995425298810005187988281250
0.2126666666666666705154398187005426734685897827148437500
0.0806451612903225784068084180944424588233232498168945312
0.1623333333333333572401357969283708371222019195556640625
0.4000000000000000222044604925031308084726333618164062500
0.2777419354838709941724061991408234462141990661621093750
0.1096428571428571391299655601869744714349508285522460938
0.1600000000000000033306690738754696212708950042724609375
0.1513333333333333197145975645980797708034515380859375000
0.5632258064516129092424989721621386706829071044921875000
0.1449999999999999900079927783735911361873149871826171875
0.3190322580645161276713395182014210149645805358886718750
0.1841935483870967560360298875821172259747982025146484375
0.2200000000000000011102230246251565404236316680908203125
0.1958064516129032484048622109185089357197284698486328125
0.1686666666666666869467405831528594717383384704589843750
0.1929032258064516114348663222699542529881000518798828125
