0.0152666666666666662327545012090013187844306230545043945
0.0080774193548387111102337954093854932580143213272094727
0.0056433333333333335346537751320283859968185424804687500
-0.0009451612903225806725307500677502048347378149628639221
0.0019129032258064517478535204730860641575418412685394287
-0.0019178571428571428072323845626101501693483442068099976
0.0038677419354838714175837122155598990502767264842987061
0.0107100000000000007693845560652334825135767459869384766
0.0167612903225806478268999910596903646364808082580566406
0.0175033333333333325498859522895145346410572528839111328
0.0178935483870967769470805563969406648539006710052490234
0.0188774193548387099472751771145340171642601490020751953
0.0141833333333333342501925145029417762998491525650024414
0.0091580645161290323563729742772920872084796428680419922
0.0008500000000000000610622663543836097232997417449951172
0.0026967741935483872592338450147053663386031985282897949
0.0029903225806451614113279369178144406760111451148986816
0.0010964285714285713305843339426814964099321514368057251
0.0087645161290322588093504307948933274019509553909301758
0.0092366666666666655954864850741614645812660455703735352
0.0144580645161290349820504275157873053103685379028320312
0.0180233333333333321790714620647122501395642757415771484
0.0223999999999999997724042799518429092131555080413818359
0.0208612903225806473050951694858667906373739242553710938
0.0159800000000000011479706074624118627980351448059082031
0.0080580645161290320732661029978771694004535675048828125
0.0071866666666666667237506338494767987867817282676696777
0.0020451612903225808472174040986146792420186102390289307
-0.0010032258064516131213644856146061101753730326890945435
0.0055535714285714285476380780437466455623507499694824219
0.0041000000000000003455569164145799732068553566932678223
0.0107833333333333340059434490854073374066501855850219727
0.0144096774193548399917164104522271372843533754348754883
0.0159933333333333350945171247303733252920210361480712891
0.0219612903225806475882020407652817084453999996185302734
0.0180483870967741918955873359209363115951418876647949219
0.0139500000000000005939693181744587491266429424285888672
0.0118709677419354831667819283325115975458174943923950195
0.0014400000000000000906913433240674748958554118871688843
-0.0012870967741935484054960348032636829884722828865051270
-0.0039741935483870970136077716006184346042573451995849609
-0.0027793103448275863036343036327480149338953197002410889
0.0018064516129032261518294610880275286035612225532531738
0.0099800000000000010230705171920817520003765821456909180
0.0146096774193548387815733136108065082225948572158813477
0.0184300000000000019362289549462730064988136291503906250
0.0181516129032258076436701088596237241290509700775146484
0.0178354838709677415709009551392227876931428909301757812
0.0119766666666666667107055133101312094368040561676025391
0.0097645161290322579628053745182114653289318084716796875
0.0054066666666666672591556874749585404060781002044677734
-0.0037258064516129032334168513784788956400007009506225586
-0.0036258064516129034048075308049874365678988397121429443
0.0038892857142857149149728357429012248758226633071899414
0.0063387096774193555162590918428122677141800522804260254
0.0073400000000000010375034165122087870258837938308715820
0.0153322580645161282014710124599332630168646574020385742
0.0182066666666666661378304326035504345782101154327392578
0.0184290322580645156425038777570080128498375415802001953
0.0197258064516129018317602827892187633551657199859619141
0.0152900000000000015065726444163374253548681735992431641
0.0078870967741935492367755244913496426306664943695068359
0.0037600000000000003211320098728265293175354599952697754
0.0013741935483870969161163122507218758983071893453598022
0.0004709677419354838944116903309833332968992181122303009
0.0046857142857142852418461664854021364590153098106384277
0.0057161290322580646239281065845716511830687522888183594
0.0107400000000000012817524819297432259190827608108520508
0.0152967741935483882154134249731214367784559726715087891
0.0186166666666666667795393408368909149430692195892333984
0.0192903225806451625312654130084411008283495903015136719
0.0192129032258064533222885472696361830458045005798339844
0.0139600000000000001865174681370262987911701202392578125
0.0104290322580645172106939000400416261982172727584838867
0.0014566666666666666565127519206157558073755353689193726
-0.0013322580645161289942396409813341051631141453981399536
0.0002645161290322580903075500025067867682082578539848328
0.0001964285714285714365325702379649897011404391378164291
0.0067387096774193556980581121251816512085497379302978516
0.0107466666666666665203022645869168627541512250900268555
0.0158354838709677432639910676925865118391811847686767578
0.0169166666666666666574148081281236954964697360992431641
0.0196516129032258089759377384098115726374089717864990234
0.0187483870967741945989804008831924875266849994659423828
0.0175266666666666695584275714736577356234192848205566406
0.0101258064516129044074776999195819371379911899566650391
0.0021199999999999999227007219104734758730046451091766357
0.0007032258064516129850152204028290725545957684516906738
-0.0016322580645161293474293406902120295853819698095321655
0.0042482758620689658329849791584820195566862821578979492
0.0063967741935483874229917411469159560510888695716857910
0.0127333333333333326153891107423987705260515213012695312
0.0164709677419354848237897925855577341280877590179443359
0.0192833333333333363512895886060505290515720844268798828
0.0175870967741935495254335108938903431408107280731201172
0.0203161290322580664891027879548346390947699546813964844
0.0146099999999999997229993553560234431643038988113403320
0.0115193548387096771079551871252988348715007305145263672
0.0054366666666666669041618753510647366056218743324279785
0.0010774193548387096634744164447283765184693038463592529
-0.0015838709677419354412974961121562955668196082115173340
0.0021178571428571426812914602066939551150426268577575684
0.0072129032258064513377648907521688670385628938674926758
0.0088800000000000007399636459126668341923505067825317383
0.0165903225806451615209624605995486490428447723388671875
0.0161866666666666686458242452317790593951940536499023438
0.0198161290322580660450135781047720229253172874450683594
0.0199677419354838715792599401765983202494680881500244141
0.0124799999999999997740696144887806440237909555435180664
0.0130612903225806476631420949274797749239951372146606445
0.0034366666666666668625285119276213663397356867790222168
-0.0022548387096774191555581534629482121090404689311981201
-0.0000903225806451612859074296046912877500290051102638245
0.0055642857142857151883652555568460229551419615745544434
0.0069322580645161295878620144605974928708747029304504395
0.0096466666666666679719188692843090393580496311187744141
0.0166000000000000001720845688168992637656629085540771484
0.0199733333333333325232405996985107776708900928497314453
0.0202161290322580636247273844219307648018002510070800781
0.0194193548387096778795601892397826304659247398376464844
0.0137433333333333348308391563818986469414085149765014648
0.0092032258064516127282761459582616225816309452056884766
0.0064200000000000003591571484662381408270448446273803711
-0.0007161290322580645198446980259632255183532834053039551
-0.0014806451612903227289808061328812982537783682346343994
-0.0031857142857142860779828819062231559655629098415374756
0.0062741935483870969747499657387379556894302368164062500
0.0101000000000000013378187446733136312104761600494384766
0.0170225806451612914071969129281569621525704860687255859
0.0217999999999999999333866185224906075745820999145507812
0.0205967741935483873716439262580024660564959049224853516
0.0226516129032258081710260455565730808302760124206542969
0.0149699999999999989325205618229119863826781511306762695
0.0067870967741935489536686532119347248226404190063476562
0.0052133333333333337078485669735528063029050827026367188
-0.0003161290322580645006760036164195071251015178859233856
-0.0010161290322580646561939632377402631391305476427078247
0.0023379310344827587860028206279139340040273964405059814
0.0041677419354838717707734119244378234725445508956909180
0.0112366666666666673718433244744119292590767145156860352
0.0134129032258064519872453601578854431863874197006225586
0.0172533333333333323278413473644832265563309192657470703
0.0192806451612903238801433047910904861055314540863037109
0.0198451612903225819983799027568238670937716960906982422
0.0151733333333333320763758322868852701503783464431762695
0.0108677419354838711296196152034099213778972625732421875
0.0043800000000000002126077092157174774911254644393920898
-0.0000838709677419354913876364809866004179639276117086411
0.0003838709677419354922116301320755837878095917403697968
-0.0022071428571428576038970792438931312062777578830718994
0.0041806451612903224382411515591684292303398251533508301
0.0109633333333333353454275282956587034277617931365966797
0.0150483870967741927004990287741748034022748470306396484
0.0185566666666666657548034891078714281320571899414062500
0.0201580645161290351874416870714412652887403964996337891
0.0175580645161290335720671862418384989723563194274902344
0.0160866666666666692508957936524893739260733127593994141
0.0106225806451612902331360643870539206545799970626831055
0.0026966666666666666563045851034985389560461044311523438
-0.0007935483870967742709226500075203603046247735619544983
-0.0053000000000000000235922392732845764840021729469299316
-0.0013214285714285714870563914757894963258877396583557129
0.0029064516129032260012554633732406728086061775684356689
0.0106533333333333340986470716416079085320234298706054688
0.0143032258064516130946497440845632809214293956756591797
0.0183600000000000013189449532546859700232744216918945312
0.0228161290322580652401018852515335311181843280792236328
0.0167064516129032253344277592077560257166624069213867188
0.0174333333333333354020489025515416869893670082092285156
0.0119645161290322585290191170770413009449839591979980469
0.0060400000000000002298161660974074038676917552947998047
0.0019387096774193548175124757193543700850568711757659912
0.0050548387096774191271086884569285757606849074363708496
0.0053607142857142854944219045876252494053915143013000488
0.0074451612903225815667807019337942620040848851203918457
0.0135133333333333337938908513820024381857365369796752930
0.0160903225806451610768732507494860328733921051025390625
0.0201333333333333364123518549604341387748718261718750000
0.0200709677419354873273427131152857327833771705627441406
0.0187645161290322590175172479121101787313818931579589844
0.0134433333333333349113303256672224961221218109130859375
0.0085322580645161294476963576016714796423912048339843750
0.0026300000000000003930189507173054153099656105041503906
-0.0004000000000000000191686944095437183932517655193805695
0.0020000000000000000416333634234433702658861875534057617
0.0044413793103448276008982098517208214616402983665466309
0.0057161290322580646239281065845716511830687522888183594
0.0099199999999999999983346654630622651893645524978637695
0.0159741935483870972634079521412786561995744705200195312
0.0194266666666666684704090073410043260082602500915527344
0.0194258064516129036469749280513497069478034973144531250
0.0195870967741935513017903502941408078186213970184326172
0.0138433333333333342257676079611883324105292558670043945
0.0104354838709677429781086388516087026800960302352905273
0.0053333333333333340225967944547846855130046606063842773
0.0008548387096774193866233204630589170847088098526000977
-0.0027322580645161294136957774725260605919174849987030029
0.0002964285714285714548772709964197247245465405285358429
0.0051193548387096776686178145610028877854347229003906250
0.0146466666666666672086405398545139178168028593063354492
0.0162677419354838731502255200211948249489068984985351562
0.0173566666666666660767681662491668248549103736877441406
0.0204709677419354849070565194324444746598601341247558594
0.0206838709677419352317429002141579985618591308593750000
0.0168099999999999985544896219380461843684315681457519531
0.0092806451612903236719764876738736347761005163192749023
0.0068333333333333336201409480281654396094381809234619141
0.0001129032258064516344893413180017205377225764095783234
-0.0028129032258064519400608816113162902183830738067626953
0.0001642857142857142790665775367031642417714465409517288
0.0054290322580645162392487534930296533275395631790161133
0.0109833333333333327958003522439867083448916673660278320
0.0137193548387096776741689296841286704875528812408447266
0.0183433333333333330184000686813305946998298168182373047
0.0211483870967741939550510466006016940809786319732666016
0.0188225806451612909242498972162138670682907104492187500
0.0139633333333333328057923594656131172087043523788452148
0.0081290322580645172495517059019221051130443811416625977
0.0053833333333333337200610202444295282475650310516357422
-0.0031935483870967743859348164647826706641353666782379150
-0.0002935483870967742063042005273842960377805866301059723
0.0009928571428571429831333450266583895427174866199493408
0.0071258064516129043450276547844168817391619086265563965
0.0130800000000000013478107518949400400742888450622558594
0.0158967741935483880544310864024737384170293807983398438
0.0182333333333333340309234671394733595661818981170654297
0.0184709677419354866001466319858081988058984279632568359
0.0207709677419354865612888261239277198910713195800781250
0.0167400000000000014066525722000733367167413234710693359
0.0099161290322580652317752125668448570650070905685424805
0.0030500000000000001935951399190116717363707721233367920
0.0034354838709677419650301288811533595435321331024169922
0.0015064516129032257986397613791496041812933981418609619
-0.0026620689655172413180805879306944916606880724430084229
0.0082709677419354841326759597563977877143770456314086914
0.0109366666666666657176110177829286840278655290603637695
0.0159225806451612911240900416487420443445444107055664062
0.0193766666666666705076682575281665776856243610382080078
0.0199677419354838715792599401765983202494680881500244141
0.0204096774193548401166165007225572480820119380950927734
0.0155699999999999987715382232522642880212515592575073242
0.0092193548387096771468129929871793137863278388977050781
0.0050500000000000006689093723366568156052380800247192383
0.0003774193548387097247968913205085073059308342635631561
0.0004580645161290323053721040835739586327690631151199341
-0.0006750000000000000357353036051222261448856443166732788
0.0026483870967741935699424349337505191215313971042633057
0.0112833333333333327153091829586628591641783714294433594
0.0137677419354838726645029467476888385135680437088012695
0.0179366666666666667306895277533840271644294261932373047
0.0220709677419354856342526005619220086373388767242431641
0.0203161290322580664891027879548346390947699546813964844
0.0146033333333333344844495726988498063292354345321655273
0.0109806451612903237941010203826408542226999998092651367
0.0050633333333333337480941516162147308932617306709289551
0.0016645161290322581845030347480474119947757571935653687
0.0010806451612903225471817858505119147594086825847625732
0.0039785714285714285365358477974950801581144332885742188
0.0090580645161290329614445226980024017393589019775390625
0.0118066666666666666984930600392544874921441078186035156
0.0138870967741935493616756147616797534283250570297241211
0.0187566666666666680141073442200649878941476345062255859
0.0204193548387096787677386089399078628048300743103027344
0.0179903225806451634583016385704468120820820331573486328
0.0157100000000000017408297026122454553842544555664062500
0.0120580645161290321565328298447639099322259426116943359
0.0063833333333333337408777019561512133805081248283386230
0.0031354838709677420455212981664772087242454290390014648
0.0023129032258064514959716717612536740489304065704345703
0.0009214285714285714136775884419705562322633340954780579
0.0065935483870967750638647508765188831603154540061950684
0.0108966666666666673474184179326584853697568178176879883
0.0150096774193548398307340718815794389229267835617065430
0.0191666666666666651863693004997912794351577758789062500
0.0230161290322580640299587884101129020564258098602294922
0.0232000000000000018707257964933887706138193607330322266
0.0146033333333333344844495726988498063292354345321655273
0.0097387096774193548931464192719431594014167785644531250
0.0079299999999999995492494520021864445880055427551269531
0.0040548387096774191062920067452068906277418136596679688
0.0004161290322580645461257586870118529986939392983913422
0.0048275862068965520040864092266019724775105714797973633
0.0062290322580645166028467940577684203162789344787597656
0.0102366666666666664836649047742866969201713800430297852
0.0144903225806451620844006455968155933078378438949584961
0.0191333333333333355241734352603089064359664916992187500
0.0211612903225806489593274761773500358685851097106933594
0.0197483870967741920177118686297035310417413711547851562
0.0177233333333333339942861073268431937322020530700683594
0.0089677419354838704829147033592562365811318159103393555
0.0036000000000000003351485755587191306403838098049163818
0.0007870967741935483950876939474028404220007359981536865
-0.0047645161290322587260837039480065868701785802841186523
0.0032642857142857147935421924245247282669879496097564697
0.0089129032258064514598894234609360864851623773574829102
0.0091100000000000000421884749357559485360980033874511719
0.0162838709677419375687623670501125161536037921905517578
0.0209599999999999994648725021306745475158095359802246094
0.0210032258064516141882194233403424732387065887451171875
0.0207677419354838736775814567181441816501319408416748047
0.0138199999999999989519494647538522258400917053222656250
0.0116645161290322586095102863623651501256972551345825195
0.0045933333333333329490111296422583109233528375625610352
0.0017064516129032261063797060174351827299688011407852173
0.0037580645161290320704905454363142780493944883346557617
-0.0016678571428571428020282141346797288861125707626342773
0.0036903225806451619463166569090617485926486551761627197
0.0156033333333333336379045164221679442562162876129150391
0.0181322580645161303414258924249224946834146976470947266
0.0197400000000000006017408793468348449096083641052246094
0.0216806451612903232362139505084996926598250865936279297
0.0224193548387096770746484963865441386587917804718017578
0.0170466666666666682994346615487302187830209732055664062
0.0126129032258064516236473195931466761976480484008789062
0.0054700000000000009031664305325648456346243619918823242
0.0026000000000000003143318938469974455074407160282135010
0.0000096774193548387104144145251516384576007112627848983
0.0039107142857142855943419768038893380435183644294738770
0.0082580645161290325978464821332636347506195306777954102
0.0115933333333333339620896396127136540599167346954345703
0.0125290322580645166472557150427746819332242012023925781
0.0225800000000000028466118351389013696461915969848632812
0.0212548387096774225868411889450726448558270931243896484
0.0214387096774193534887142931211201357655227184295654297
0.0159233333333333344772331230387862888164818286895751953
0.0110451612903225814682484084983116190414875745773315430
0.0052300000000000002736699755701010872144252061843872070
0.0029354838709677419546217880252925169770605862140655518
